=== APRIORI-TID INVERSE - RARE ITEMSETS MINING ===
File dữ liệu: chess.hui
MinRareSupport (minsup): 1.0%
MinFrequentSupport (maxsup): 18.0%
Thời gian bắt đầu: Sun Jun 01 08:14:30 ICT 2025
Output folder: release/AprioriTIDInverse/

========== ĐỊNH NGHĨA ==========
- Rare Item: MRT < Support(X) <= MFT
- Frequent Item: Support(X) > MFT
- Infrequent Item: Support(X) <= MRT

========== DATABASE INFO ==========
Số lượng giao dịch: 3196

========== RARE ITEMSETS ==========
Tìm itemsets với support trong khoảng (1.0%, 18.0%]
Định nghĩa: MRT < Support(X) <= MFT

--- 1-itemsets HIẾM ---
4  #SUP: 357 (11.17%) #TID: [2560, 2561, 2562, 2563, 2595, 40, 41, 42, 43, 44, 45, 46, 47, 48, 49, 50, 51, 52, 53, 54, 55, 56, 57, 1084, 1600, 1601, 1602, 1603, 1604, 1605, 1606, 1607, 1608, 1609, 1610, 1611, 1612, 1613, 1614, 1616, 1617, 1621, 1622, 3158, 1623, 1624, 1625, 1626, 1627, 1628, 1629, 1630, 1631, 1632, 1633, 1639, 1640, 1641, 1642, 3178, 1643, 1644, 3180, 1645, 3181, 1646, 3182, 3183, 3184, 1649, 3186, 3191, 3192, 3193, 3194, 3195, 1671, 1672, 1673, 1674, 1675, 1676, 1677, 1678, 1679, 1680, 1681, 1682, 1683, 1684, 1685, 1686, 1687, 1688, 1689, 2226, 2227, 180, 2228, 181, 182, 183, 1719, 184, 1720, 185, 1721, 186, 1722, 187, 1723, 188, 1724, 189, 1725, 190, 191, 192, 193, 194, 195, 2755, 196, 2756, 197, 2757, 198, 1734, 2758, 199, 1735, 2759, 200, 1736, 201, 2251, 2252, 2253, 2254, 2255, 2256, 2257, 1746, 2258, 2770, 2259, 2771, 2772, 2773, 2774, 2775, 2776, 2777, 2780, 2781, 2782, 2783, 2784, 2788, 2789, 2790, 1771, 1772, 1773, 1774, 1775, 1776, 1777, 1778, 1779, 1780, 1781, 246, 1782, 1783, 1784, 1785, 1786, 1787, 1788, 260, 263, 2832, 2833, 2834, 2835, 2836, 2837, 2838, 2839, 2840, 1828, 1829, 1842, 1843, 1844, 1845, 1846, 2870, 1847, 2871, 1848, 2872, 1849, 2873, 1850, 2879, 1860, 1861, 1862, 1863, 2887, 1864, 2888, 1865, 2889, 1866, 2890, 1867, 2891, 2385, 2386, 2387, 2388, 2389, 2390, 2391, 2392, 2393, 2394, 2906, 1883, 2395, 2907, 1884, 2396, 2908, 2397, 2909, 2398, 2910, 2399, 2911, 2400, 2912, 2913, 1890, 2402, 2914, 2403, 1904, 1905, 370, 371, 372, 2932, 373, 2933, 374, 2934, 375, 2423, 2935, 376, 2936, 377, 2937, 378, 2938, 2939, 2949, 2950, 2951, 2957, 2958, 2959, 2960, 2961, 2962, 2963, 442, 443, 444, 445, 2493, 446, 2494, 3006, 447, 2495, 448, 2496, 449, 2497, 450, 2498, 451, 2499, 452, 2500, 2501, 2502, 2503, 2504, 2505, 2506, 2507, 2508, 2509, 2510, 2511, 2512, 2513, 2514, 2515, 2516, 2517, 2518, 2519, 2520, 985, 2521, 2522, 2523, 2524, 2525, 2526, 2527, 2528, 998, 999, 2535, 2536, 2537, 2538, 2539, 2540, 2541, 2542, 2543, 2032, 2544, 2545, 2546, 2547, 2548, 2549, 2550, 2551, 2552, 2553, 2554, 2555, 2556, 2557, 2558, 2559]
6  #SUP: 225 (7.04%) #TID: [2048, 2049, 2051, 2566, 2567, 3080, 3085, 2576, 2577, 2578, 2579, 2580, 1557, 2581, 2582, 3107, 2089, 2092, 3116, 2093, 565, 2615, 2616, 2105, 2617, 2110, 2111, 1602, 2627, 2628, 2629, 1607, 585, 1611, 2125, 3149, 1614, 2126, 2643, 2644, 2167, 2168, 2169, 635, 1665, 2692, 2693, 2694, 650, 2186, 2187, 2188, 2189, 655, 2192, 2193, 2194, 2195, 2196, 2197, 2198, 2199, 2200, 1692, 2204, 2205, 2206, 2718, 1695, 2719, 1697, 2721, 1698, 2722, 2723, 1700, 2724, 1701, 2213, 2725, 2214, 2215, 1704, 2216, 1705, 2737, 2738, 2739, 1719, 1721, 1724, 1725, 2239, 2240, 2241, 2247, 2248, 2249, 2250, 2771, 2773, 2263, 2775, 2264, 1753, 2265, 2777, 1754, 2266, 1245, 2270, 2271, 2272, 2273, 2282, 1771, 1772, 1776, 1786, 1787, 2812, 1283, 1795, 2307, 1284, 2308, 1285, 1797, 2309, 1286, 2310, 2822, 1287, 1288, 2312, 2824, 1289, 1290, 1802, 1805, 2830, 2831, 2320, 2832, 2321, 2322, 2323, 2837, 2326, 282, 2843, 2845, 2335, 2346, 2347, 2348, 2860, 301, 2349, 2861, 2350, 2862, 2351, 2870, 2871, 2361, 2362, 318, 1345, 1346, 1347, 1348, 1349, 1350, 1351, 2887, 2888, 2889, 2890, 1870, 1871, 2896, 2898, 2916, 2919, 1385, 1386, 1394, 1917, 1919, 1920, 2448, 2450, 2452, 2455, 2967, 2969, 2458, 2461, 1951, 2463, 2465, 1954, 2466, 1955, 2467, 2468, 2469, 1958, 2470, 2471, 2472, 2473, 2474, 2475, 2476, 2477, 2478, 2479, 2480, 2015, 2016, 2017, 2023, 2026]
8  #SUP: 120 (3.75%) #TID: [2568, 2062, 2329, 2332, 1317, 1319, 1326, 3119, 2100, 319, 2375, 2887, 2888, 2377, 586, 2378, 1870, 1105, 2386, 1621, 2389, 2645, 2391, 2647, 1624, 2907, 2396, 2908, 2912, 2401, 2913, 2402, 2403, 2660, 2412, 2668, 2413, 2669, 2414, 2415, 2671, 1393, 2674, 627, 2931, 1140, 2932, 2934, 2935, 2936, 1657, 2938, 3194, 2683, 2939, 3195, 2428, 1917, 2685, 1918, 2430, 129, 131, 2437, 2439, 2695, 1934, 1936, 2707, 660, 2709, 406, 2711, 409, 2713, 1947, 2717, 2720, 1954, 1956, 1957, 1960, 1963, 1459, 2493, 2251, 2256, 2770, 2771, 214, 2774, 2775, 217, 2778, 2780, 989, 2782, 2783, 2784, 2529, 2530, 2532, 2533, 2535, 2536, 1001, 2537, 2538, 1771, 2539, 2540, 2796, 1773, 2032, 2546, 2293, 507, 2555, 2556, 2557]
10  #SUP: 322 (10.08%) #TID: [2560, 3072, 2049, 1027, 2052, 2053, 2054, 2055, 2567, 2056, 2064, 2576, 2577, 2582, 1565, 2082, 2594, 3106, 2084, 3108, 3109, 1064, 2088, 3112, 2602, 2604, 3117, 3121, 3122, 2611, 2612, 3124, 2101, 2616, 2108, 3133, 2112, 3136, 2113, 1603, 2115, 2116, 2117, 1608, 73, 587, 1099, 1100, 1612, 1106, 1622, 2646, 2648, 1627, 3164, 3165, 3168, 3169, 1636, 3172, 1637, 2661, 1638, 2662, 1639, 2664, 617, 618, 619, 2668, 1134, 1135, 1647, 2672, 2675, 3187, 628, 3188, 117, 1141, 3189, 119, 120, 633, 1658, 1659, 1660, 2684, 2686, 2175, 2177, 130, 2181, 2183, 136, 2696, 137, 656, 1172, 2196, 2708, 2710, 2199, 2712, 2714, 2719, 2210, 2723, 2212, 678, 679, 2215, 2732, 1718, 1720, 2745, 2240, 2241, 2248, 2250, 204, 2252, 2253, 206, 2257, 722, 2258, 2772, 2773, 215, 216, 2776, 2777, 2779, 2268, 2269, 2781, 222, 2271, 2273, 2785, 1762, 2786, 1763, 2788, 2789, 2790, 1767, 1772, 2798, 2799, 1776, 2801, 2294, 2295, 2807, 2297, 1786, 2298, 1787, 253, 1811, 1813, 1815, 2330, 2333, 1823, 2336, 2338, 2339, 1316, 2341, 2343, 2855, 2344, 2858, 2347, 2348, 301, 1837, 1838, 2350, 304, 1840, 305, 1841, 1842, 312, 1848, 1856, 1858, 1859, 326, 838, 2376, 2889, 2890, 2379, 2893, 2894, 335, 1871, 1872, 1873, 2385, 2899, 2900, 2390, 2392, 2906, 2397, 2909, 2911, 2914, 2917, 358, 2920, 2921, 363, 2411, 2928, 2420, 2421, 2933, 2422, 2937, 2429, 1919, 2431, 2943, 1410, 1922, 2947, 2948, 2949, 390, 2951, 393, 394, 2954, 2956, 2957, 2958, 1935, 2960, 401, 2961, 1938, 916, 1940, 1942, 407, 1944, 2968, 1946, 2970, 1949, 2461, 414, 415, 1955, 420, 1958, 1447, 1961, 1962, 1967, 1457, 1969, 1971, 948, 1973, 1462, 2494, 3006, 1983, 3012, 3013, 454, 3014, 1991, 3015, 456, 1992, 1993, 3018, 3019, 3020, 1998, 1503, 1506, 2531, 2020, 3044, 2534, 3046, 1000, 3048, 1002, 3050, 2027, 2541, 3053, 494, 2542, 3054, 2543, 2544, 3056, 497, 2545, 498, 3058, 2547, 3067, 508, 3068, 3069, 2046, 2558, 3070, 2559]
26  #SUP: 336 (10.51%) #TID: [520, 521, 2057, 522, 2058, 523, 2059, 524, 2060, 525, 2061, 526, 2062, 527, 2063, 528, 2064, 529, 2065, 530, 2066, 531, 2067, 532, 2068, 533, 534, 535, 536, 537, 538, 539, 540, 541, 542, 543, 544, 545, 546, 547, 548, 549, 550, 551, 552, 553, 554, 555, 556, 557, 558, 1590, 1591, 1592, 1593, 1594, 1595, 1596, 2620, 1597, 2621, 1598, 2622, 1599, 2623, 2624, 2625, 2626, 3138, 2627, 3139, 2628, 3140, 2629, 3141, 2118, 2630, 3142, 2119, 2631, 3143, 2120, 2632, 3144, 2121, 2633, 3145, 2122, 2634, 3146, 2123, 2635, 3147, 2124, 2636, 3148, 2125, 2637, 3149, 2126, 2638, 3150, 2127, 2639, 3151, 2128, 2640, 3152, 2129, 2641, 2130, 2642, 2131, 2643, 2132, 2644, 2133, 3179, 3180, 3181, 3182, 3183, 3184, 3185, 3186, 3187, 3188, 3189, 3190, 3191, 3192, 3193, 3194, 1147, 3195, 1148, 1149, 1150, 1151, 1152, 1153, 1154, 1155, 1156, 1157, 1158, 1159, 1160, 1161, 1162, 1163, 1164, 685, 686, 687, 2735, 688, 2736, 689, 2737, 690, 2738, 691, 2739, 692, 693, 694, 2742, 695, 2743, 696, 697, 698, 699, 700, 701, 1228, 1229, 1230, 1231, 1232, 1233, 1234, 1235, 2274, 2275, 2276, 2277, 2278, 2279, 2280, 2281, 2282, 2283, 2284, 2285, 777, 778, 779, 780, 781, 782, 783, 784, 785, 786, 787, 788, 789, 790, 791, 792, 793, 794, 2353, 2354, 2355, 2356, 2357, 2358, 2359, 2360, 2361, 2362, 2363, 2364, 1875, 1876, 1877, 1878, 1879, 1880, 1881, 1882, 1883, 1884, 1885, 1886, 1887, 1888, 1889, 1890, 1891, 1892, 1893, 1894, 1895, 1896, 873, 1897, 874, 1898, 875, 1899, 876, 1900, 1901, 1902, 1903, 1904, 1905, 1906, 1907, 1908, 1909, 1910, 1911, 1912, 1913, 1914, 1915, 1916, 902, 903, 2978, 2979, 2980, 2981, 2982, 2983, 2984, 2985, 2986, 2987, 2988, 2989, 2990, 2991, 2992, 2993, 2994, 2995, 2996, 2997, 1974, 2998, 1975, 2999, 1976, 3000, 1977, 3001, 1978, 3002, 1979, 3003, 1980, 3004, 1981, 3005, 1982, 3006, 3007, 3008, 1511, 1512, 1513, 1514, 1515, 1516, 1517, 1518, 1519, 1520, 1521, 1522, 1523, 1524, 1525, 1526, 1527, 1528, 1529, 1530, 1531, 1532]
32  #SUP: 446 (13.95%) #TID: [2048, 2049, 2050, 2051, 2052, 2055, 2056, 2061, 2063, 2064, 2066, 22, 23, 24, 25, 26, 27, 28, 29, 30, 31, 32, 33, 34, 35, 36, 37, 38, 39, 50, 52, 53, 54, 56, 3153, 3154, 83, 84, 85, 86, 87, 88, 3160, 89, 3161, 90, 91, 2139, 3163, 92, 2140, 3164, 93, 2141, 3165, 94, 2142, 3166, 95, 3167, 96, 3168, 97, 3169, 98, 2147, 3171, 2148, 3172, 2149, 3173, 2150, 3174, 2151, 2152, 105, 2153, 106, 2154, 107, 2155, 108, 2156, 109, 2157, 2158, 114, 2162, 2163, 3187, 2164, 3188, 3189, 2170, 2171, 2178, 2179, 2180, 2181, 2182, 2183, 2190, 2191, 2192, 2193, 2194, 2195, 2196, 2197, 2198, 2199, 2200, 2201, 2202, 2203, 2204, 2205, 2206, 2207, 2208, 2209, 162, 2210, 163, 2211, 164, 2212, 165, 2213, 166, 2214, 167, 2215, 168, 2216, 169, 170, 2218, 171, 172, 173, 2221, 174, 2222, 175, 2223, 176, 2224, 177, 2225, 178, 179, 2227, 2228, 2231, 2232, 2236, 2237, 192, 194, 2242, 2243, 2244, 197, 2245, 198, 2246, 2247, 200, 2248, 201, 2249, 2250, 2251, 2252, 2253, 2255, 2256, 2257, 2258, 2259, 234, 235, 236, 237, 238, 239, 240, 241, 242, 243, 244, 1268, 245, 1273, 1275, 1276, 1280, 257, 1281, 258, 259, 1302, 1335, 1337, 1338, 1339, 1340, 1342, 1343, 1344, 1352, 1369, 1372, 1374, 1375, 2459, 2472, 2473, 2475, 2476, 2480, 2483, 2485, 2487, 2489, 2490, 2508, 2509, 2511, 2512, 2513, 2515, 2517, 2519, 2520, 2522, 2524, 2526, 2527, 2538, 2540, 2542, 2544, 2545, 2551, 2553, 2554, 2556, 2557, 2559, 2560, 2562, 2563, 522, 523, 2574, 527, 2575, 528, 529, 532, 2580, 2583, 2585, 2587, 2589, 2590, 2592, 2599, 2601, 2603, 2630, 2631, 2637, 1663, 1664, 1665, 1666, 1668, 1669, 1674, 1678, 1681, 1683, 1687, 1689, 1690, 1691, 1692, 1693, 1694, 1695, 1696, 1699, 1700, 1701, 1702, 1703, 1706, 1708, 1709, 1710, 1713, 1714, 1715, 1728, 1729, 1730, 1731, 1732, 1735, 1737, 1738, 1739, 1740, 1741, 1742, 1748, 1750, 1751, 1752, 1753, 1754, 1755, 1756, 1758, 1760, 1762, 1763, 1764, 1765, 1766, 1769, 1779, 1781, 1782, 1785, 1788, 1790, 1792, 1794, 1795, 1796, 1797, 1798, 1799, 1801, 1803, 1805, 1807, 1808, 1810, 2835, 1812, 1813, 1814, 1815, 2839, 1816, 1818, 1819, 1820, 1822, 1823, 1824, 1830, 1831, 1832, 1834, 1835, 1836, 1837, 1838, 1839, 1847, 1849, 1851, 1853, 830, 1854, 831, 1855, 2879, 832, 1857, 1858, 1862, 1864, 1882, 1886, 1887, 1888, 1889, 1891, 1903, 1906, 1907, 1908, 1909, 1910, 1911, 2935, 1912, 2939, 2958, 2961, 2000, 2001, 2002, 2003, 2004, 2005, 2006, 2008, 2010, 2011, 2013, 2014, 2015, 2016, 2017, 2018, 2019, 2020, 2021, 2022, 2023, 2024, 2025, 2026, 2030, 2031, 2033, 2034, 2035, 2036, 2037, 2038, 2039, 2040, 2041, 2042, 2043, 2045, 2047]
33  #SUP: 224 (7.01%) #TID: [2566, 2567, 2568, 2595, 49, 51, 1075, 1076, 1077, 1078, 55, 1079, 1080, 57, 1081, 1082, 1083, 1600, 1601, 1602, 1603, 1604, 1605, 1606, 1097, 1611, 1612, 1613, 1614, 1616, 3155, 1620, 1621, 1622, 3158, 1623, 3159, 1624, 1625, 1626, 1627, 1628, 1629, 1630, 1633, 1634, 1639, 3175, 1640, 1641, 1642, 3178, 3180, 3181, 3183, 1649, 1650, 3186, 3191, 3192, 3194, 1671, 1672, 1673, 1719, 1720, 2744, 1721, 2745, 1722, 2746, 1723, 2747, 1724, 2748, 1725, 2749, 191, 193, 195, 2755, 196, 2756, 2757, 1734, 199, 2760, 2761, 2762, 2763, 2767, 1746, 2770, 2771, 2772, 2773, 2780, 2781, 2782, 2788, 1771, 1772, 1773, 1774, 1775, 1776, 1777, 1778, 1269, 2805, 1270, 2806, 1271, 2807, 1272, 2808, 2809, 1274, 2810, 2811, 2812, 1277, 2813, 1278, 2814, 1279, 1282, 1291, 2832, 2833, 1828, 1842, 1843, 1844, 1845, 2870, 2871, 1336, 2872, 2873, 1341, 2365, 2370, 2371, 1860, 2372, 2887, 1865, 1866, 2891, 2385, 2386, 2387, 2388, 1370, 2906, 1371, 2907, 2908, 1373, 2909, 2402, 2403, 2411, 2412, 2413, 2416, 2417, 2423, 376, 377, 378, 2949, 2443, 2444, 2445, 2446, 1423, 2447, 1424, 2448, 1425, 2449, 1426, 2450, 1427, 2451, 1428, 2452, 1429, 941, 942, 943, 944, 945, 2481, 946, 2482, 947, 948, 949, 438, 950, 439, 951, 440, 441, 1469, 2493, 1470, 2494, 2495, 2496, 2497, 450, 451, 452, 1485, 978, 979, 473, 985, 2535, 2536]
35  #SUP: 156 (4.88%) #TID: [1028, 2308, 2310, 2566, 2822, 3078, 2567, 1032, 2824, 3080, 1033, 2831, 1040, 2576, 2326, 2842, 2843, 1053, 3107, 3108, 3110, 3111, 3113, 3115, 2348, 3116, 2861, 3117, 2606, 2351, 2607, 3120, 2615, 2616, 2361, 2362, 3130, 3131, 2887, 2888, 2889, 2890, 2381, 3149, 2895, 2896, 2897, 2898, 2899, 2900, 2902, 2391, 2903, 2392, 2904, 2650, 2907, 2652, 2912, 1122, 2915, 2916, 2917, 2918, 2919, 2920, 2921, 2924, 2925, 2926, 1142, 2168, 2169, 2682, 3194, 3195, 2940, 2941, 2942, 2943, 2688, 1665, 2692, 2952, 2953, 2954, 2188, 2700, 2189, 2701, 2448, 2193, 2194, 2450, 2452, 2198, 2199, 2455, 2967, 2200, 2968, 2969, 2458, 2970, 1692, 2461, 2973, 2206, 2718, 2974, 2463, 2719, 2468, 2470, 2216, 1195, 2478, 2479, 2480, 2738, 2739, 2491, 3006, 2241, 2498, 2499, 2500, 2501, 2502, 2503, 3015, 3016, 2249, 2250, 3020, 3021, 2771, 2773, 2775, 2777, 1754, 2779, 1245, 2272, 2017, 2273, 2785, 2791, 2798, 2799, 2546, 2547, 1019, 2812, 3070, 3071]
37  #SUP: 97 (3.04%) #TID: [1025, 2564, 2057, 2058, 1291, 529, 2065, 2067, 1558, 1305, 1306, 2074, 1307, 3104, 297, 298, 2621, 2622, 2623, 2370, 2883, 2632, 1866, 2634, 1867, 2639, 2640, 2641, 1618, 2642, 1619, 1875, 1876, 1877, 1887, 2659, 2404, 2405, 1126, 1894, 2406, 1127, 1895, 2407, 1896, 2408, 1897, 2409, 1898, 1899, 1900, 1901, 1902, 2670, 1650, 1651, 1909, 1654, 1910, 1655, 1911, 1656, 1912, 2424, 2425, 2426, 2427, 387, 2438, 1932, 1933, 2963, 1430, 1431, 1953, 1726, 1727, 1984, 1988, 1989, 1990, 970, 1996, 1743, 2767, 1744, 1745, 1746, 1747, 1494, 1495, 474, 487, 488, 2792, 489, 2795]
43  #SUP: 482 (15.08%) #TID: [2048, 2049, 2050, 2051, 2052, 2054, 2056, 13, 2062, 2067, 20, 24, 30, 36, 44, 47, 3153, 3154, 85, 3157, 2136, 3160, 3161, 2138, 3163, 2140, 3164, 3165, 2142, 3166, 3167, 2144, 3168, 3169, 2146, 3171, 2148, 3172, 2150, 2152, 3177, 106, 2154, 3179, 2156, 2158, 2160, 2163, 2165, 2166, 3190, 2167, 2168, 2169, 2170, 2171, 2173, 2176, 2177, 2179, 2182, 2183, 2184, 2185, 2186, 2187, 2188, 141, 2189, 2190, 2191, 144, 2192, 2193, 2194, 2195, 148, 2196, 2197, 2198, 2199, 2200, 2202, 2204, 157, 2205, 2206, 160, 2208, 2211, 164, 2212, 165, 2213, 2214, 2215, 2216, 2217, 2218, 171, 2220, 2222, 2225, 2230, 2232, 2234, 2235, 2237, 2238, 2239, 2240, 2241, 2242, 2245, 2246, 2247, 2248, 2249, 2250, 227, 1254, 1262, 1264, 1270, 1332, 1337, 1342, 2367, 2369, 1361, 1364, 2444, 2446, 2448, 2450, 2453, 2454, 2455, 2456, 2457, 2458, 2459, 2460, 2461, 2462, 2463, 2464, 2465, 2466, 2467, 2468, 2469, 2470, 2471, 2472, 2474, 2475, 2477, 2482, 2484, 2485, 2488, 2489, 2496, 2499, 2502, 2503, 2505, 2506, 2509, 2512, 2513, 2516, 2517, 2520, 2523, 2524, 2527, 2528, 2535, 2539, 2540, 2543, 2544, 2545, 2546, 2547, 2549, 2552, 2553, 2554, 2557, 2560, 2563, 2568, 2569, 2570, 2571, 2572, 2573, 2574, 2575, 2577, 2578, 2579, 2581, 2584, 2585, 2586, 2588, 2589, 2590, 2591, 2592, 2593, 2600, 2601, 2632, 2639, 2641, 1663, 1664, 1665, 1666, 1667, 1668, 1669, 1670, 1676, 1677, 1679, 1682, 1684, 1685, 1686, 1691, 1692, 1694, 1695, 1699, 1700, 1701, 1702, 1703, 1706, 1709, 1710, 1711, 1712, 1713, 1714, 1715, 1716, 2740, 1717, 2741, 1718, 2742, 2743, 1728, 1731, 1733, 1736, 1740, 1742, 1748, 1749, 1751, 1752, 1753, 1754, 1755, 1756, 1757, 1758, 1759, 1760, 1761, 1762, 1763, 1764, 1765, 1766, 1767, 1768, 1769, 1770, 1773, 1780, 2806, 2807, 2808, 2811, 2814, 2815, 2816, 1793, 2817, 1794, 2818, 1795, 2819, 1796, 2820, 1797, 2821, 1799, 2823, 1800, 2824, 1801, 2825, 2826, 2827, 1804, 1805, 2829, 1806, 1807, 1808, 1812, 2836, 1813, 1814, 1815, 1816, 2841, 1818, 1819, 1820, 1822, 1823, 2847, 1824, 1825, 2849, 1826, 1827, 2851, 2852, 2854, 1831, 2855, 2856, 1833, 2857, 1834, 2858, 1835, 2859, 1836, 1837, 1839, 2863, 1840, 2864, 2865, 1842, 2866, 2867, 2868, 2869, 1848, 2874, 2875, 2876, 2877, 1854, 2878, 1857, 1858, 835, 836, 2884, 2885, 2886, 841, 2889, 842, 2890, 2892, 2893, 2894, 2897, 2898, 2899, 2900, 2901, 2903, 2904, 2905, 1884, 1890, 1895, 1896, 1898, 1900, 1902, 2927, 1904, 2928, 1905, 2929, 2930, 1913, 1914, 1915, 1916, 2941, 2942, 2943, 2945, 2946, 2947, 918, 921, 922, 924, 927, 929, 931, 936, 938, 2989, 2991, 2992, 2994, 2996, 949, 2998, 2999, 3000, 3001, 954, 3002, 955, 3003, 3004, 957, 3005, 3006, 959, 3007, 960, 3008, 961, 962, 966, 2002, 2003, 2005, 2006, 2007, 2009, 2010, 2012, 2013, 2014, 991, 2015, 2016, 2017, 994, 2018, 2019, 2020, 997, 2021, 2022, 2023, 2025, 2026, 2027, 2032, 2034, 2035, 2038, 2039, 2044, 2045, 2046, 2047]
49  #SUP: 183 (5.73%) #TID: [1024, 1025, 2564, 517, 2565, 518, 263, 519, 2057, 2058, 2065, 2067, 1305, 1306, 1307, 3104, 297, 298, 1585, 2620, 2621, 2622, 2623, 2624, 1089, 2625, 1090, 2626, 1091, 2883, 1092, 2884, 1093, 2885, 1094, 2886, 1095, 1096, 1097, 1865, 2633, 1866, 2634, 1867, 2635, 2636, 2638, 2639, 2640, 2641, 1618, 2642, 1619, 1875, 3155, 1876, 3156, 1877, 3157, 854, 1878, 3158, 1879, 1880, 1114, 1115, 865, 1892, 2404, 1893, 2405, 1894, 2406, 1895, 2407, 3175, 1896, 2408, 3176, 1129, 1897, 2409, 3177, 1130, 1898, 2410, 3178, 1131, 1899, 3179, 1132, 1900, 3180, 1901, 3181, 1902, 2670, 3182, 1650, 1651, 1654, 3190, 1655, 3191, 1656, 2424, 3192, 1913, 2425, 3193, 1146, 1914, 2426, 1915, 2427, 1916, 387, 2438, 1932, 1933, 2962, 2963, 1439, 1440, 1953, 2978, 2979, 2980, 2981, 2982, 2983, 1192, 2984, 1193, 2985, 2993, 2994, 2995, 2740, 2996, 2741, 2997, 2742, 2998, 2743, 2999, 3000, 3001, 3002, 3003, 3004, 3005, 1988, 1221, 1989, 1990, 1996, 1486, 1487, 1743, 2767, 1744, 2768, 1745, 2769, 1746, 1747, 468, 469, 470, 471, 983, 472, 984, 473, 985, 1497, 474, 3041, 1510, 2795, 1022, 1023]
57  #SUP: 175 (5.48%) #TID: [2304, 2560, 2816, 3072, 2820, 2821, 3077, 3078, 3079, 3081, 2314, 3082, 3083, 2316, 2318, 3086, 3087, 3088, 3089, 3090, 3091, 3092, 3093, 2070, 3094, 2071, 3095, 2072, 2841, 3097, 3098, 3099, 2076, 3102, 2081, 2849, 2082, 3106, 2339, 2852, 3108, 3109, 2087, 3117, 2094, 2095, 3121, 3122, 2355, 3124, 3129, 2113, 3139, 3142, 2119, 3144, 3145, 3146, 2893, 2894, 3150, 2128, 2899, 2900, 597, 2906, 2907, 2396, 2908, 2397, 2909, 2911, 2912, 2913, 1890, 2402, 2658, 2914, 2917, 2920, 2921, 2928, 2676, 2677, 2167, 2168, 2936, 2169, 2937, 2938, 2939, 2943, 1923, 2947, 645, 1925, 2949, 2951, 1929, 2186, 2954, 2188, 1677, 2960, 2961, 1685, 1686, 922, 1180, 1181, 1186, 2726, 2727, 2728, 2733, 2734, 2992, 1202, 1203, 1207, 1978, 2240, 1217, 2241, 3009, 3013, 3014, 3015, 3019, 3020, 2256, 2257, 3025, 2258, 3026, 3027, 3029, 3032, 3033, 3034, 3035, 2780, 2781, 3037, 2782, 3038, 2784, 2788, 3045, 2790, 3046, 2535, 3049, 3050, 2287, 2032, 2289, 3057, 2290, 3059, 3060, 3062, 3063, 3064, 2297, 2555, 3067, 2556, 2557, 3069, 2558, 3070, 2303, 2559, 2815]
61  #SUP: 47 (1.47%) #TID: [3153, 3154, 3155, 3156, 3157, 3158, 3159, 3160, 3161, 3162, 3163, 3164, 3165, 3166, 3167, 3168, 3169, 3170, 3171, 3172, 3173, 3174, 3175, 3176, 3177, 3178, 3179, 3180, 3181, 3182, 3183, 3184, 3185, 3186, 3187, 2740, 3188, 2741, 3189, 2742, 3190, 2743, 3191, 3192, 3193, 3194, 3195]
63  #SUP: 136 (4.26%) #TID: [3072, 2305, 3073, 770, 3074, 5, 2309, 2310, 3081, 2315, 2316, 3084, 2317, 3085, 2318, 3086, 271, 3088, 3089, 2322, 2323, 3092, 3093, 3094, 3096, 3097, 3098, 539, 2844, 2845, 1054, 288, 2848, 2340, 2341, 3109, 2342, 43, 2349, 2350, 2862, 1071, 2351, 2096, 2097, 562, 3122, 2355, 3124, 2358, 3126, 2871, 2873, 570, 2362, 2364, 66, 3138, 1606, 3145, 3146, 2891, 2127, 2129, 2134, 602, 1884, 351, 3169, 1123, 365, 2930, 372, 2167, 2168, 2169, 2691, 2947, 1671, 648, 1673, 2186, 2187, 2188, 2189, 1678, 1679, 1168, 1680, 1681, 1170, 1682, 1687, 1688, 1689, 1693, 1694, 1950, 1695, 674, 2728, 1707, 1708, 1709, 2992, 1976, 1721, 1977, 1723, 2239, 2751, 2240, 2241, 2756, 2759, 713, 2260, 2261, 482, 2791, 2287, 2289, 2290, 3059, 2292, 3060, 3061, 3062, 3063, 760, 1016, 2296, 3064, 2297, 762, 3067]
65  #SUP: 565 (17.68%) #TID: [2048, 2049, 2050, 2051, 2052, 8, 2056, 12, 13, 14, 16, 19, 20, 21, 23, 24, 29, 30, 33, 1058, 38, 40, 42, 45, 48, 50, 53, 71, 72, 73, 77, 79, 80, 81, 82, 84, 85, 2135, 2136, 89, 2137, 2138, 2139, 2140, 2141, 94, 2142, 2143, 2144, 2145, 2146, 2147, 2148, 2149, 2150, 2151, 2152, 2153, 2154, 2155, 2156, 2157, 2158, 2159, 2160, 2161, 2162, 2163, 2164, 2165, 2166, 2167, 2168, 2169, 2170, 2171, 2172, 2173, 2174, 2175, 2176, 2177, 2178, 2179, 2180, 2181, 134, 2182, 135, 2183, 136, 2184, 137, 2185, 2186, 2187, 2188, 141, 2189, 142, 2190, 143, 2191, 144, 2192, 2193, 146, 2194, 147, 2195, 148, 2196, 149, 2197, 2198, 151, 2199, 152, 2200, 2201, 2202, 2203, 2204, 157, 2205, 158, 2206, 2207, 2208, 161, 2209, 162, 2210, 163, 2211, 164, 2212, 165, 2213, 2214, 2215, 2216, 2217, 170, 2218, 171, 2219, 2220, 173, 2221, 174, 2222, 2223, 2224, 2225, 2226, 179, 2227, 2228, 181, 2229, 2230, 2231, 2232, 185, 2233, 2234, 2235, 188, 2236, 2237, 190, 2238, 2239, 192, 2240, 193, 2241, 2242, 2243, 2244, 197, 2245, 2246, 2247, 2248, 2249, 2250, 2251, 2252, 2253, 2254, 2255, 2256, 2257, 2258, 2259, 219, 221, 222, 1248, 225, 226, 229, 1253, 230, 233, 234, 1260, 238, 1267, 1272, 263, 1322, 1327, 1330, 1334, 2443, 2444, 2445, 2446, 2448, 2450, 2453, 2454, 2455, 2456, 2457, 2458, 2465, 2467, 2468, 2471, 2472, 2474, 2475, 2477, 2497, 2501, 2502, 2503, 2506, 2513, 2523, 2524, 2528, 2545, 2549, 2554, 2560, 2563, 2569, 2570, 2571, 2572, 2575, 2577, 2578, 2579, 2581, 2586, 2591, 2593, 2597, 1663, 1664, 1665, 1666, 1667, 1668, 1669, 1670, 1674, 1675, 1676, 1677, 1680, 1681, 1682, 1683, 1684, 1685, 1686, 1688, 1689, 1690, 1691, 1692, 1693, 1694, 1695, 1697, 1698, 1699, 1700, 1701, 1703, 1704, 1705, 1706, 1707, 1708, 1709, 1710, 1711, 1713, 1714, 1715, 1716, 1717, 1718, 2747, 1726, 2750, 1727, 1743, 1744, 1745, 1747, 1748, 1749, 1751, 1752, 1753, 1754, 1756, 1757, 1759, 1760, 1761, 1762, 1763, 1764, 1765, 1766, 1767, 1768, 1769, 1770, 1779, 1780, 1782, 1783, 2812, 1789, 1790, 1791, 2815, 1792, 2816, 1793, 1794, 2818, 1795, 2819, 1796, 2820, 1797, 2821, 2822, 2823, 1800, 2824, 1801, 2825, 1802, 2826, 1803, 2827, 1804, 1805, 2830, 2831, 1808, 1809, 1810, 2834, 1811, 2835, 1812, 1813, 1814, 2838, 1815, 2839, 1816, 1817, 2841, 1818, 2842, 1819, 2843, 1820, 2844, 1821, 2845, 1822, 2846, 1823, 2847, 1824, 2848, 1825, 2850, 1827, 2851, 2852, 1829, 2853, 2854, 2856, 2857, 2858, 1835, 2859, 2860, 1837, 2861, 2862, 2864, 2865, 2868, 2869, 2875, 2877, 1858, 2882, 2884, 2885, 2886, 1867, 2892, 2893, 2894, 2895, 2896, 2897, 2898, 2899, 2900, 2901, 2903, 2904, 2905, 2906, 1883, 2907, 1884, 1885, 2909, 2911, 2912, 1890, 2914, 2915, 1892, 2916, 1893, 2917, 1894, 2918, 1895, 2919, 1896, 2920, 1897, 2921, 1898, 2922, 1899, 2923, 1900, 1901, 2925, 1902, 2926, 2927, 2928, 1905, 2929, 2930, 2932, 2933, 2936, 2937, 2942, 2943, 2946, 2947, 2953, 2954, 908, 913, 917, 918, 923, 924, 927, 932, 933, 934, 935, 936, 940, 2988, 2989, 942, 2990, 2991, 2992, 2993, 2994, 2995, 2996, 950, 2998, 2999, 3002, 3003, 3005, 3007, 961, 964, 967, 970, 2001, 2002, 2003, 2004, 2005, 2006, 983, 2008, 2009, 2010, 2011, 2012, 2013, 990, 2014, 991, 2015, 2016, 2017, 994, 996, 997, 998, 2022, 2023, 2025, 2026, 2032, 2033, 2034, 2035, 2037, 2038, 2039, 2040, 2043, 2044, 2045, 2046, 2047]
67  #SUP: 175 (5.48%) #TID: [2565, 2828, 2829, 2062, 2830, 2831, 2064, 2832, 2833, 2834, 2835, 2836, 2837, 2838, 2839, 2840, 1057, 1058, 1059, 1060, 1061, 2860, 2861, 2862, 2863, 2864, 2865, 2866, 2867, 2868, 2869, 2870, 2871, 1080, 2872, 2873, 1084, 2366, 2367, 2879, 2368, 2369, 2625, 2884, 2885, 2886, 2887, 2888, 2889, 2890, 2636, 3153, 3154, 3155, 3156, 3157, 3158, 3159, 3160, 3161, 3162, 3163, 3164, 3165, 3166, 3167, 3168, 3169, 3170, 3171, 3172, 3173, 3174, 3175, 3176, 3177, 2410, 3178, 3179, 3180, 3181, 3182, 3183, 3184, 3185, 3186, 3187, 3188, 3189, 3190, 3191, 3192, 3193, 3194, 3195, 1418, 907, 908, 909, 910, 911, 2447, 912, 2192, 2448, 913, 2193, 2449, 914, 2194, 2450, 2195, 2451, 2196, 2197, 2198, 2199, 2200, 2460, 2461, 2462, 2463, 2464, 2465, 2466, 2467, 2468, 2469, 2470, 2983, 1704, 2984, 1705, 2985, 946, 2740, 2741, 2742, 2743, 2488, 3002, 2747, 3003, 1725, 3005, 2750, 3006, 2751, 2752, 2753, 2754, 2755, 2756, 2757, 2758, 2759, 2768, 2769, 2007, 2018, 2019, 2020, 2021, 1254, 1255, 1256, 1257, 1258, 2030, 2809, 2810, 2811, 2812, 2813, 2814]

--- 2-itemsets HIẾM ---
4 8  #SUP: 46 (1.44%) #TID: [2887, 2888, 2251, 2256, 2770, 2386, 2771, 1621, 2389, 2774, 2775, 2391, 1624, 2907, 2780, 2396, 2908, 2782, 2783, 2784, 2912, 2913, 2402, 2403, 2535, 2536, 2537, 2538, 1771, 2539, 2540, 1773, 2032, 2546, 2932, 2934, 2935, 2936, 3194, 2938, 3195, 2939, 2555, 2556, 2493, 2557]
4 10  #SUP: 54 (1.69%) #TID: [2560, 2949, 2951, 2957, 2958, 2960, 2961, 1842, 1720, 1848, 2494, 3006, 1603, 1608, 2889, 2890, 1612, 2252, 2253, 2257, 2385, 2258, 2772, 2773, 1622, 2390, 2776, 2392, 2777, 2906, 1627, 2781, 2397, 2909, 2911, 2914, 2788, 2789, 2790, 1639, 1772, 2541, 2542, 2543, 1776, 2544, 2545, 2547, 2933, 2937, 1786, 1787, 2558, 2559]
4 32  #SUP: 71 (2.22%) #TID: [2560, 2562, 2563, 1674, 1678, 2958, 1681, 2961, 1683, 2835, 1687, 2839, 1689, 50, 2227, 52, 2228, 53, 54, 1847, 56, 1849, 2879, 192, 194, 197, 198, 1862, 1735, 200, 1864, 201, 2251, 2252, 2508, 2253, 2509, 2255, 2511, 2256, 2512, 2257, 2513, 2258, 2259, 2515, 2517, 2519, 2520, 2522, 2524, 2526, 2527, 2538, 2540, 2542, 2544, 2545, 1779, 1781, 1782, 2935, 2551, 1785, 2553, 2554, 2939, 1788, 2556, 2557, 2559]
4 33  #SUP: 120 (3.75%) #TID: [2832, 2833, 2595, 1828, 49, 1842, 51, 1843, 1844, 1845, 2870, 55, 2871, 2872, 57, 2873, 1600, 1601, 1602, 1603, 1604, 1860, 1605, 1606, 2887, 1865, 1866, 1611, 2891, 1612, 1613, 1614, 1616, 2385, 2386, 2387, 2388, 1621, 1622, 3158, 1623, 1624, 1625, 1626, 2906, 1627, 2907, 1628, 2908, 1629, 2909, 1630, 1633, 2402, 2403, 1639, 1640, 1641, 1642, 3178, 3180, 3181, 3183, 1649, 3186, 3191, 2423, 3192, 376, 377, 3194, 378, 2949, 1671, 1672, 1673, 1719, 1720, 1721, 1722, 1723, 1724, 1725, 2493, 2494, 191, 2495, 2496, 193, 2497, 450, 195, 2755, 451, 196, 2756, 452, 2757, 1734, 199, 1746, 2770, 2771, 2772, 2773, 985, 2780, 2781, 2782, 2788, 2535, 2536, 1771, 1772, 1773, 1774, 1775, 1776, 1777, 1778]
4 43  #SUP: 54 (1.69%) #TID: [2560, 2563, 1676, 1677, 1679, 1682, 1684, 2836, 1685, 1686, 44, 47, 1842, 1848, 3006, 2496, 2499, 2502, 2503, 1736, 2889, 2505, 2890, 2506, 2509, 2512, 2513, 2516, 2517, 2520, 2523, 1884, 2524, 2527, 2528, 1890, 2535, 2539, 2540, 1773, 2543, 1904, 2032, 2544, 1905, 2545, 2546, 2547, 1780, 2549, 2552, 2553, 2554, 2557]
4 57  #SUP: 40 (1.25%) #TID: [2560, 2949, 2951, 1677, 2256, 2960, 2257, 2961, 2258, 1685, 1686, 2906, 2907, 2780, 2396, 2908, 2781, 2397, 2909, 2782, 2911, 2784, 2912, 2913, 1890, 2402, 2914, 2788, 2790, 2535, 2032, 2936, 2937, 2938, 2939, 2555, 2556, 2557, 2558, 2559]
4 65  #SUP: 79 (2.47%) #TID: [2560, 2563, 263, 1674, 1675, 1676, 1677, 1680, 1681, 1682, 2834, 1683, 2835, 1684, 1685, 1686, 2838, 2839, 1688, 1689, 1829, 40, 42, 45, 48, 50, 2226, 2227, 2228, 53, 181, 185, 188, 190, 192, 193, 2497, 197, 2501, 2502, 2503, 2506, 2251, 1867, 2252, 2253, 2254, 2255, 2256, 2257, 2513, 2258, 2259, 2906, 1883, 2907, 2523, 1884, 2524, 2909, 2911, 2912, 2528, 1890, 2914, 998, 2032, 1905, 2545, 1779, 1780, 2932, 2933, 2549, 1782, 1783, 2936, 2937, 2554]
4 67  #SUP: 39 (1.22%) #TID: [2755, 2756, 2757, 2758, 2759, 2887, 2888, 2889, 2890, 2832, 2833, 2834, 2835, 2836, 2837, 3158, 2838, 2839, 2840, 3178, 3180, 3181, 3182, 3183, 3184, 3186, 2870, 3191, 2871, 3192, 2872, 3193, 2873, 3194, 3195, 1084, 1725, 3006, 2879]
6 10  #SUP: 34 (1.06%) #TID: [2240, 2049, 2241, 2567, 2248, 2889, 2250, 2890, 1871, 2576, 2577, 2196, 2773, 2582, 2199, 2777, 2461, 2719, 2271, 2273, 2723, 1955, 1958, 2215, 2347, 1772, 2348, 301, 2350, 1776, 2616, 1786, 1787, 1919]
6 32  #SUP: 44 (1.38%) #TID: [2048, 2049, 1665, 2051, 1795, 1797, 2247, 2248, 2249, 2250, 1805, 2192, 2193, 2194, 2195, 2580, 2196, 2197, 2198, 2199, 2200, 1753, 1754, 1692, 2204, 2205, 2206, 1695, 2015, 2016, 2017, 1700, 1701, 2213, 2214, 2215, 2023, 2216, 2472, 2473, 2026, 2475, 2476, 2480]
6 35  #SUP: 74 (2.32%) #TID: [1665, 2692, 2308, 2566, 2310, 2822, 2567, 3080, 2824, 2188, 2189, 2831, 2576, 2448, 2193, 2194, 2450, 2452, 2198, 2326, 2199, 2455, 2967, 2200, 2969, 2458, 2843, 1692, 2461, 2206, 2718, 2719, 2463, 3107, 2468, 2470, 2216, 3116, 2348, 2861, 2478, 2351, 2479, 2480, 2738, 2739, 2615, 2616, 2361, 2362, 2241, 2887, 2888, 2249, 2889, 2250, 2890, 3149, 2896, 2898, 2771, 2773, 2775, 2777, 1754, 1245, 2272, 2273, 2017, 2916, 2919, 2168, 2169, 2812]
6 43  #SUP: 73 (2.28%) #TID: [2048, 2049, 1665, 2051, 1795, 1797, 2824, 2186, 2187, 2188, 2189, 1805, 2192, 2448, 2577, 2193, 2578, 2194, 2450, 2579, 2195, 2196, 2581, 2197, 2198, 2199, 2455, 2200, 2458, 1692, 2204, 2205, 2461, 2206, 1695, 2463, 2465, 2466, 2467, 1700, 2468, 1701, 2213, 2469, 2214, 2470, 2215, 2471, 2216, 2472, 2474, 2475, 2477, 2239, 2240, 2241, 2247, 2248, 2249, 2889, 2250, 2890, 2898, 1753, 1754, 2015, 2016, 2017, 2023, 2026, 2167, 2168, 2169]
6 65  #SUP: 83 (2.60%) #TID: [2048, 2049, 1665, 2051, 1795, 1797, 2822, 2824, 2186, 1802, 2187, 2188, 2189, 1805, 2830, 2831, 2192, 2448, 2577, 2193, 2578, 2194, 2450, 2579, 2195, 2196, 2581, 2197, 2198, 2199, 2455, 2200, 2458, 2843, 1692, 2204, 2205, 2845, 2206, 1695, 1697, 2465, 1698, 2467, 1700, 2468, 1701, 2213, 2214, 2215, 2471, 1704, 2216, 2472, 1705, 2474, 2475, 2860, 2861, 2477, 2862, 2239, 2240, 2241, 2247, 2248, 2249, 2250, 2896, 2898, 1753, 1754, 2015, 2016, 2017, 2916, 2919, 2023, 2026, 2167, 2168, 2169, 2812]
6 67  #SUP: 36 (1.13%) #TID: [2887, 2888, 2889, 2890, 2830, 2831, 2192, 2832, 2448, 2193, 2194, 2450, 2195, 2196, 2197, 2837, 2198, 2199, 2200, 2461, 2463, 2465, 2466, 2467, 2468, 2469, 2470, 1704, 1705, 2860, 2861, 2862, 2870, 2871, 2812, 1725]
10 32  #SUP: 42 (1.31%) #TID: [2560, 2049, 1858, 2052, 2181, 2055, 2183, 2056, 2248, 2250, 2252, 2253, 2958, 2064, 2257, 2961, 2258, 2196, 1813, 2199, 1815, 3164, 3165, 1823, 3168, 3169, 2210, 1762, 1763, 3172, 2212, 2020, 2215, 1837, 1838, 2542, 2544, 2545, 3187, 3188, 3189, 2559]
10 35  #SUP: 35 (1.10%) #TID: [2241, 2567, 3015, 2889, 2250, 2890, 2954, 3020, 2576, 2899, 2900, 2773, 2199, 2392, 2968, 2777, 2970, 2779, 2461, 2719, 2273, 2785, 3108, 2917, 2920, 2921, 2348, 3117, 2798, 2799, 2547, 2616, 3006, 3070, 2943]
10 43  #SUP: 54 (1.69%) #TID: [2560, 2049, 2177, 2947, 2052, 2054, 2183, 2056, 2577, 2196, 1813, 2199, 1815, 2461, 1823, 2212, 2215, 2855, 2858, 1837, 1840, 1842, 1718, 1848, 3006, 2240, 2241, 1858, 2248, 2889, 2250, 2890, 2893, 2894, 2899, 2900, 3164, 3165, 3168, 3169, 1762, 1763, 3172, 2020, 1767, 2027, 2543, 2928, 2544, 2545, 2547, 2807, 2046, 2943]
10 57  #SUP: 53 (1.66%) #TID: [2560, 3072, 2947, 2949, 2951, 2954, 2960, 2961, 2082, 3106, 2339, 3108, 3109, 3117, 3121, 3122, 3124, 2240, 2113, 2241, 3013, 3014, 3015, 3019, 3020, 2893, 2894, 2257, 2258, 2899, 2900, 2906, 2781, 2397, 2909, 2911, 2914, 2788, 2917, 2790, 3046, 2920, 2921, 3050, 2928, 2297, 2937, 3067, 3069, 2558, 3070, 2943, 2559]
10 65  #SUP: 56 (1.75%) #TID: [2560, 2049, 2177, 2947, 2052, 2181, 2183, 2056, 136, 137, 2954, 2577, 1811, 2196, 1813, 2199, 1815, 1823, 2210, 2212, 2215, 2858, 1837, 1718, 2240, 2241, 1858, 2248, 73, 2250, 2252, 2253, 2893, 2894, 2257, 2258, 2899, 2900, 2906, 2909, 222, 2911, 1762, 2914, 1763, 2917, 1767, 2920, 2921, 2928, 2545, 2933, 2937, 2046, 2175, 2943]
26 43  #SUP: 38 (1.19%) #TID: [3008, 2632, 2062, 2639, 2641, 2067, 1884, 1890, 1895, 1896, 1898, 3179, 1900, 2989, 1902, 2991, 1904, 2992, 1905, 2994, 2996, 3190, 2742, 2998, 2743, 2999, 3000, 1913, 3001, 1914, 3002, 1915, 3003, 1916, 3004, 3005, 3006, 3007]
26 49  #SUP: 72 (2.25%) #TID: [2057, 2058, 2065, 2067, 2978, 2979, 2980, 2981, 2982, 2983, 2984, 2985, 2993, 2994, 2995, 2996, 2997, 2742, 2998, 2743, 2999, 3000, 3001, 3002, 3003, 2620, 3004, 2621, 3005, 2622, 2623, 2624, 2625, 2626, 2633, 2634, 2635, 2636, 2638, 2639, 2640, 2641, 2642, 1875, 1876, 1877, 1878, 1879, 1880, 1892, 1893, 1894, 1895, 1896, 1897, 1898, 3179, 1899, 3180, 1900, 3181, 1901, 3182, 1902, 3190, 3191, 3192, 3193, 1913, 1914, 1915, 1916]
32 43  #SUP: 197 (6.16%) #TID: [2048, 2560, 2049, 2050, 2051, 2563, 2052, 2056, 2574, 2575, 24, 2585, 2589, 30, 2590, 2592, 36, 2601, 3153, 3154, 85, 3160, 3161, 3163, 2140, 3164, 3165, 2142, 3166, 3167, 3168, 3169, 3171, 2148, 3172, 2150, 2152, 106, 2154, 2156, 2158, 2163, 2170, 2171, 1663, 1664, 1665, 1666, 2179, 1668, 1669, 2182, 2183, 2190, 2191, 2192, 2193, 2194, 2195, 2196, 2197, 2198, 2199, 2200, 2202, 1691, 2204, 1692, 2205, 2206, 1694, 1695, 2208, 2211, 1699, 164, 2212, 1700, 165, 2213, 1701, 2214, 1702, 2215, 1703, 2216, 2218, 1706, 171, 1709, 2222, 1710, 2225, 1713, 1714, 1715, 2232, 2237, 1728, 2242, 1731, 2245, 2246, 2247, 2248, 2249, 2250, 1740, 1742, 1748, 1751, 1752, 1753, 1754, 1755, 1756, 1758, 1760, 1762, 1763, 1764, 1765, 1766, 1769, 1794, 1795, 1796, 1797, 1799, 1801, 1805, 1807, 1808, 1812, 1813, 1814, 1815, 1816, 1818, 1819, 1820, 1822, 1823, 1824, 1831, 1834, 1835, 1836, 1837, 1839, 1337, 1342, 1854, 1857, 1858, 2459, 2472, 2475, 2485, 2489, 2509, 2512, 2513, 2002, 2003, 2517, 2005, 2006, 2520, 2010, 2524, 2013, 2014, 2527, 2015, 2016, 2017, 2018, 2019, 2020, 2021, 2022, 2023, 2025, 2026, 2540, 2544, 2545, 2034, 2035, 2038, 2039, 2553, 2554, 2557, 2045, 2047]
32 65  #SUP: 220 (6.88%) #TID: [2048, 2560, 2049, 2050, 2051, 2563, 2052, 2056, 2575, 23, 24, 29, 30, 33, 38, 50, 53, 84, 85, 89, 2139, 2140, 2141, 94, 2142, 2147, 2148, 2149, 2150, 2151, 2152, 2153, 2154, 2155, 2156, 2157, 2158, 2162, 2163, 2164, 2170, 2171, 1663, 1664, 1665, 2178, 1666, 2179, 2180, 1668, 2181, 1669, 2182, 2183, 1674, 2190, 2191, 2192, 2193, 1681, 2194, 2195, 1683, 2196, 2197, 2198, 2199, 2200, 2201, 1689, 2202, 1690, 2203, 1691, 2204, 1692, 2205, 1693, 2206, 1694, 2207, 1695, 2208, 2209, 162, 2210, 163, 2211, 1699, 164, 2212, 1700, 165, 2213, 1701, 2214, 2215, 1703, 2216, 170, 2218, 1706, 171, 1708, 173, 2221, 1709, 174, 2222, 1710, 2223, 2224, 2225, 1713, 1714, 179, 2227, 1715, 2228, 2231, 2232, 2236, 2237, 192, 2242, 2243, 2244, 197, 2245, 2246, 2247, 2248, 2249, 2250, 2251, 2252, 2253, 2255, 2256, 2257, 2258, 2259, 1748, 1751, 1752, 1753, 1754, 1756, 1760, 1762, 1763, 1764, 1765, 1766, 1769, 234, 238, 1779, 1782, 1790, 1792, 1794, 1795, 1796, 1797, 1801, 1803, 1805, 1808, 1810, 2835, 1812, 1813, 1814, 1815, 2839, 1816, 1818, 1819, 1820, 1822, 1823, 1824, 1835, 1837, 1858, 2472, 2475, 2513, 2001, 2002, 2003, 2004, 2005, 2006, 2008, 2010, 2011, 2524, 2013, 2014, 2015, 2016, 2017, 2022, 2023, 2025, 2026, 2545, 2033, 2034, 2035, 2037, 2038, 2039, 2040, 2554, 2043, 2045, 2047]
32 67  #SUP: 36 (1.13%) #TID: [2064, 2192, 3153, 2193, 3154, 2194, 2195, 2835, 2196, 2197, 2198, 2199, 2839, 3160, 2200, 3161, 3163, 3164, 3165, 3166, 3167, 3168, 3169, 2018, 3171, 2019, 3172, 2020, 3173, 2021, 3174, 2030, 3187, 3188, 3189, 2879]
33 67  #SUP: 37 (1.16%) #TID: [2755, 2756, 2757, 2887, 2447, 2832, 2448, 2833, 2449, 2450, 3155, 2451, 3158, 3159, 3175, 3178, 3180, 3181, 3183, 3186, 946, 2870, 3191, 2871, 1080, 3192, 2872, 2809, 2873, 3194, 2810, 2747, 2811, 2812, 1725, 2813, 2814]
35 43  #SUP: 44 (1.38%) #TID: [1665, 2241, 2499, 2502, 2503, 2824, 2889, 2249, 2890, 2250, 2188, 2189, 2448, 2897, 2193, 2898, 2194, 2450, 2899, 2900, 2198, 2903, 2199, 2455, 2904, 2200, 2458, 1754, 1692, 2461, 2206, 2463, 2017, 2468, 2470, 2216, 2546, 2547, 2168, 2169, 2941, 2942, 3006, 2943]
35 65  #SUP: 56 (1.75%) #TID: [1665, 2822, 2824, 2953, 2954, 2188, 2189, 2831, 2448, 2193, 2194, 2450, 2198, 2199, 2455, 2200, 2842, 2458, 2843, 1692, 2206, 2468, 2216, 2861, 2241, 2501, 2502, 2503, 2249, 2250, 2895, 2896, 2897, 2898, 2899, 2900, 2903, 2904, 1754, 2907, 2912, 2017, 2915, 2916, 2917, 2918, 2919, 2920, 2921, 2925, 2926, 2168, 2169, 2812, 2942, 2943]
37 49  #SUP: 71 (2.22%) #TID: [1025, 387, 2564, 2438, 2057, 2058, 1932, 1933, 2065, 2067, 2963, 1305, 1306, 1307, 3104, 1953, 297, 298, 2621, 2622, 2623, 2883, 1988, 1989, 1990, 1866, 2634, 1867, 1996, 2639, 1743, 2767, 2640, 1744, 2641, 1745, 1618, 2642, 1746, 1619, 1875, 1747, 1876, 1877, 474, 2404, 2405, 1894, 2406, 1895, 2407, 1896, 2408, 1897, 2409, 1898, 1899, 2795, 1900, 1901, 1902, 2670, 1650, 1651, 1654, 1655, 1656, 2424, 2425, 2426, 2427]
43 49  #SUP: 33 (1.03%) #TID: [2884, 2885, 2886, 2639, 2641, 2067, 3157, 1895, 1896, 3177, 1898, 3179, 1900, 1902, 2994, 2740, 2996, 2741, 3190, 2742, 2998, 2743, 2999, 3000, 1913, 3001, 1914, 3002, 1915, 3003, 1916, 3004, 3005]
43 65  #SUP: 315 (9.86%) #TID: [2048, 2560, 2049, 2050, 2051, 2563, 2052, 2056, 2569, 2570, 2571, 2572, 13, 2575, 2577, 2578, 2579, 20, 2581, 24, 2586, 30, 2591, 2593, 85, 2136, 2138, 2140, 2142, 2144, 2146, 2148, 2150, 2152, 2154, 2156, 2158, 2160, 2163, 2165, 2166, 2167, 2168, 2169, 2170, 2171, 2173, 1663, 2176, 1664, 2177, 1665, 1666, 2179, 1667, 1668, 1669, 2182, 1670, 2183, 2184, 2185, 2186, 2187, 2188, 1676, 141, 2189, 1677, 2190, 2191, 144, 2192, 2193, 2194, 1682, 2195, 148, 2196, 1684, 2197, 1685, 2198, 1686, 2199, 2200, 2202, 1691, 2204, 1692, 157, 2205, 2206, 1694, 1695, 2208, 2211, 1699, 164, 2212, 1700, 165, 2213, 1701, 2214, 2215, 1703, 2216, 2217, 2218, 1706, 171, 2220, 1709, 2222, 1710, 1711, 2225, 1713, 1714, 1715, 1716, 1717, 2230, 1718, 2232, 2234, 2235, 2237, 2238, 2239, 2240, 2241, 2242, 2245, 2246, 2247, 2248, 2249, 2250, 1748, 1749, 1751, 1752, 1753, 1754, 1756, 1757, 1759, 1760, 1761, 1762, 1763, 1764, 1765, 1766, 1767, 1768, 1769, 1770, 1780, 2815, 2816, 1793, 1794, 2818, 1795, 2819, 1796, 2820, 1797, 2821, 2823, 1800, 2824, 1801, 2825, 2826, 2827, 1804, 1805, 1808, 1812, 1813, 1814, 1815, 1816, 2841, 1818, 1819, 1820, 1822, 1823, 2847, 1824, 1825, 1827, 2851, 2852, 2854, 2856, 2857, 2858, 1835, 2859, 1837, 2864, 2865, 2868, 2869, 2875, 2877, 1858, 2884, 2885, 2886, 2892, 2893, 2894, 2897, 2898, 2899, 2900, 2901, 2903, 2904, 2905, 1884, 1890, 1895, 1896, 1898, 1900, 1902, 2927, 2928, 1905, 2929, 2930, 2942, 2943, 2946, 2947, 2444, 2446, 2448, 2450, 2453, 2454, 918, 2455, 2456, 2457, 2458, 924, 927, 2465, 2467, 2468, 2471, 2472, 936, 2474, 2475, 2477, 2989, 2991, 2992, 2994, 2996, 2998, 2999, 3002, 3003, 3005, 3007, 961, 2502, 2503, 2506, 2513, 2002, 2003, 2005, 2006, 2009, 2010, 2523, 2524, 2012, 2013, 2014, 991, 2015, 2528, 2016, 2017, 994, 997, 2022, 2023, 2025, 2026, 2032, 2545, 2034, 2035, 2549, 2038, 2039, 2554, 2044, 2045, 2046, 2047]
43 67  #SUP: 73 (2.28%) #TID: [2829, 2062, 2192, 2448, 2193, 2194, 2450, 2195, 2196, 2836, 2197, 2198, 2199, 2200, 2460, 2461, 2462, 2463, 2464, 2465, 2466, 2467, 2468, 2469, 2470, 2863, 2864, 2865, 2866, 2867, 2740, 2868, 2741, 2869, 2742, 2743, 2488, 3002, 3003, 3005, 3006, 2367, 2369, 2884, 2885, 2886, 2889, 2890, 3153, 3154, 3157, 2007, 3160, 3161, 3163, 3164, 3165, 3166, 3167, 3168, 3169, 2018, 3171, 2019, 3172, 2020, 2021, 1254, 3177, 3179, 3190, 2811, 2814]
49 67  #SUP: 35 (1.10%) #TID: [2625, 2884, 2565, 2885, 2886, 2636, 2768, 2769, 3155, 3156, 3157, 3158, 3175, 2983, 3176, 2984, 3177, 2985, 2410, 3178, 3179, 3180, 3181, 3182, 2740, 2741, 3190, 2742, 3191, 2743, 3192, 3193, 3002, 3003, 3005]
57 63  #SUP: 38 (1.19%) #TID: [3072, 2240, 2241, 2947, 3081, 3145, 3146, 2186, 2316, 2188, 2318, 3086, 3088, 3089, 3092, 3093, 3094, 3097, 3098, 3109, 2728, 2287, 2992, 2289, 3122, 2290, 2355, 3059, 3124, 3060, 3062, 2167, 3063, 2168, 3064, 2169, 2297, 3067]
57 65  #SUP: 42 (1.31%) #TID: [2560, 2816, 2240, 2241, 2947, 2820, 2821, 2186, 2954, 2188, 2893, 1677, 2894, 2256, 2257, 2258, 2899, 2900, 1685, 1686, 2841, 2906, 2907, 2909, 2911, 2912, 1890, 2914, 2852, 2917, 2920, 2921, 2928, 2992, 2032, 2167, 2168, 2936, 2169, 2937, 2943, 2815]
61 67  #SUP: 47 (1.47%) #TID: [3153, 3154, 3155, 3156, 3157, 3158, 3159, 3160, 3161, 3162, 3163, 3164, 3165, 3166, 3167, 3168, 3169, 3170, 3171, 3172, 3173, 3174, 3175, 3176, 3177, 3178, 3179, 3180, 3181, 3182, 3183, 3184, 3185, 3186, 3187, 2740, 3188, 2741, 3189, 2742, 3190, 2743, 3191, 3192, 3193, 3194, 3195]
65 67  #SUP: 41 (1.28%) #TID: [2884, 2885, 2886, 908, 2830, 2831, 2192, 2448, 2193, 913, 2194, 2450, 2834, 2195, 2835, 2196, 2197, 2198, 2838, 2199, 2839, 2200, 2465, 1058, 2467, 2468, 1704, 1705, 2860, 2861, 2862, 2864, 2865, 2868, 2869, 3002, 2747, 3003, 2812, 3005, 2750]

--- 3-itemsets HIẾM ---
6 32 43  #SUP: 40 (1.25%) #TID: [2048, 2049, 1665, 2051, 1795, 1797, 2247, 2248, 2249, 2250, 1805, 2192, 2193, 2194, 2195, 2196, 2197, 2198, 2199, 2200, 1753, 1754, 1692, 2204, 2205, 2206, 1695, 2015, 2016, 2017, 1700, 1701, 2213, 2214, 2215, 2023, 2216, 2472, 2026, 2475]
6 32 65  #SUP: 40 (1.25%) #TID: [2048, 2049, 1665, 2051, 1795, 1797, 2247, 2248, 2249, 2250, 1805, 2192, 2193, 2194, 2195, 2196, 2197, 2198, 2199, 2200, 1753, 1754, 1692, 2204, 2205, 2206, 1695, 2015, 2016, 2017, 1700, 1701, 2213, 2214, 2215, 2023, 2216, 2472, 2026, 2475]
6 35 65  #SUP: 33 (1.03%) #TID: [1665, 2241, 2822, 2824, 2249, 2250, 2188, 2189, 2831, 2448, 2896, 2193, 2194, 2450, 2898, 2198, 2199, 2455, 2200, 2458, 1754, 2843, 1692, 2206, 2017, 2468, 2916, 2919, 2216, 2861, 2168, 2169, 2812]
6 43 65  #SUP: 66 (2.07%) #TID: [2048, 2049, 1665, 2051, 1795, 1797, 2824, 2186, 2187, 2188, 2189, 1805, 2192, 2448, 2577, 2193, 2578, 2194, 2450, 2579, 2195, 2196, 2581, 2197, 2198, 2199, 2455, 2200, 2458, 1692, 2204, 2205, 2206, 1695, 2465, 2467, 1700, 2468, 1701, 2213, 2214, 2215, 2471, 2216, 2472, 2474, 2475, 2477, 2239, 2240, 2241, 2247, 2248, 2249, 2250, 2898, 1753, 1754, 2015, 2016, 2017, 2023, 2026, 2167, 2168, 2169]
10 43 65  #SUP: 34 (1.06%) #TID: [2560, 2240, 2049, 2177, 2241, 1858, 2947, 2052, 2183, 2056, 2248, 2250, 2893, 2894, 2577, 2899, 2196, 2900, 1813, 2199, 1815, 1823, 1762, 1763, 2212, 2215, 1767, 2858, 1837, 2928, 2545, 1718, 2046, 2943]
32 43 65  #SUP: 143 (4.47%) #TID: [2048, 2560, 2049, 2050, 1794, 2051, 2563, 1795, 2052, 1796, 1797, 2056, 1801, 1805, 2575, 1808, 1812, 1813, 1814, 1815, 24, 1816, 1818, 1819, 1820, 30, 1822, 1823, 1824, 1835, 1837, 1858, 85, 2140, 2142, 2148, 2150, 2152, 2154, 2156, 2158, 2163, 2170, 2171, 1663, 1664, 1665, 1666, 2179, 1668, 1669, 2182, 2183, 2190, 2191, 2192, 2193, 2194, 2195, 2196, 2197, 2198, 2199, 2200, 2202, 1691, 2204, 1692, 2205, 2206, 1694, 1695, 2208, 2211, 1699, 164, 2212, 1700, 165, 2213, 1701, 2214, 2215, 1703, 2216, 2472, 2218, 1706, 171, 2475, 1709, 2222, 1710, 2225, 1713, 1714, 1715, 2232, 2237, 2242, 2245, 2246, 2247, 2248, 2249, 2250, 2513, 2002, 2003, 1748, 2005, 2006, 1751, 1752, 1753, 1754, 2010, 1756, 2524, 2013, 2014, 2015, 1760, 2016, 2017, 1762, 1763, 1764, 1765, 1766, 2022, 2023, 1769, 2025, 2026, 2545, 2034, 2035, 2038, 2039, 2554, 2045, 2047]
35 43 65  #SUP: 34 (1.06%) #TID: [1665, 2241, 2502, 2503, 2824, 2249, 2250, 2188, 2189, 2448, 2897, 2193, 2898, 2194, 2450, 2899, 2900, 2198, 2903, 2199, 2455, 2904, 2200, 2458, 1754, 1692, 2206, 2017, 2468, 2216, 2168, 2169, 2942, 2943]

--- 4-itemsets HIẾM ---
6 32 43 65  #SUP: 40 (1.25%) #TID: [2048, 2049, 1665, 2051, 1795, 1797, 2247, 2248, 2249, 2250, 1805, 2192, 2193, 2194, 2195, 2196, 2197, 2198, 2199, 2200, 1753, 1754, 1692, 2204, 2205, 2206, 1695, 2015, 2016, 2017, 1700, 1701, 2213, 2214, 2215, 2023, 2216, 2472, 2026, 2475]

========== TỔNG KẾT ==========
Tổng số rare itemsets tìm được: 60
Thuật toán: AprioriTID Inverse
Định nghĩa: MRT < Support(X) <= MFT
Output folder: release/AprioriTIDInverse/

========== THÔNG TIN HIỆU SUẤT ==========
Thuật toán: AprioriTID Inverse
Tổng thời gian thực thi: 00:04.686 (phút:giây.mili giây) [4686 ms]
Bộ nhớ tối đa sử dụng: 38.35 MB
Thời gian kết thúc: Sun Jun 01 08:14:35 ICT 2025
Output folder: release/AprioriTIDInverse/
Định nghĩa: MRT < Support(X) <= MFT
