=== APRIORI-TID INVERSE - RARE ITEMSETS MINING ===
File dữ liệu: chess.hui
MinRareSupport (minsup): 5.0%
MinFrequentSupport (maxsup): 10.0%
Thời gian bắt đầu: Sun Jun 01 21:26:20 ICT 2025
Output folder: release/AprioriTIDInverse/

========== ĐỊNH NGHĨA ==========
- Rare Item: MRT < Support(X) <= MFT
- Frequent Item: Support(X) > MFT
- Infrequent Item: Support(X) <= MRT

========== DATABASE INFO ==========
Số lượng giao dịch: 3196

========== RARE ITEMSETS ==========
Tìm itemsets với support trong khoảng (5.0%, 10.0%]
Định nghĩa: MRT < Support(X) <= MFT

--- 1-itemsets HIẾM ---
6  #SUP: 225 (7.04%) #TID: [2048, 2049, 2051, 2566, 2567, 3080, 3085, 2576, 2577, 2578, 2579, 2580, 1557, 2581, 2582, 3107, 2089, 2092, 3116, 2093, 565, 2615, 2616, 2105, 2617, 2110, 2111, 1602, 2627, 2628, 2629, 1607, 585, 1611, 2125, 3149, 1614, 2126, 2643, 2644, 2167, 2168, 2169, 635, 1665, 2692, 2693, 2694, 650, 2186, 2187, 2188, 2189, 655, 2192, 2193, 2194, 2195, 2196, 2197, 2198, 2199, 2200, 1692, 2204, 2205, 2206, 2718, 1695, 2719, 1697, 2721, 1698, 2722, 2723, 1700, 2724, 1701, 2213, 2725, 2214, 2215, 1704, 2216, 1705, 2737, 2738, 2739, 1719, 1721, 1724, 1725, 2239, 2240, 2241, 2247, 2248, 2249, 2250, 2771, 2773, 2263, 2775, 2264, 1753, 2265, 2777, 1754, 2266, 1245, 2270, 2271, 2272, 2273, 2282, 1771, 1772, 1776, 1786, 1787, 2812, 1283, 1795, 2307, 1284, 2308, 1285, 1797, 2309, 1286, 2310, 2822, 1287, 1288, 2312, 2824, 1289, 1290, 1802, 1805, 2830, 2831, 2320, 2832, 2321, 2322, 2323, 2837, 2326, 282, 2843, 2845, 2335, 2346, 2347, 2348, 2860, 301, 2349, 2861, 2350, 2862, 2351, 2870, 2871, 2361, 2362, 318, 1345, 1346, 1347, 1348, 1349, 1350, 1351, 2887, 2888, 2889, 2890, 1870, 1871, 2896, 2898, 2916, 2919, 1385, 1386, 1394, 1917, 1919, 1920, 2448, 2450, 2452, 2455, 2967, 2969, 2458, 2461, 1951, 2463, 2465, 1954, 2466, 1955, 2467, 2468, 2469, 1958, 2470, 2471, 2472, 2473, 2474, 2475, 2476, 2477, 2478, 2479, 2480, 2015, 2016, 2017, 2023, 2026]
33  #SUP: 224 (7.01%) #TID: [2566, 2567, 2568, 2595, 49, 51, 1075, 1076, 1077, 1078, 55, 1079, 1080, 57, 1081, 1082, 1083, 1600, 1601, 1602, 1603, 1604, 1605, 1606, 1097, 1611, 1612, 1613, 1614, 1616, 3155, 1620, 1621, 1622, 3158, 1623, 3159, 1624, 1625, 1626, 1627, 1628, 1629, 1630, 1633, 1634, 1639, 3175, 1640, 1641, 1642, 3178, 3180, 3181, 3183, 1649, 1650, 3186, 3191, 3192, 3194, 1671, 1672, 1673, 1719, 1720, 2744, 1721, 2745, 1722, 2746, 1723, 2747, 1724, 2748, 1725, 2749, 191, 193, 195, 2755, 196, 2756, 2757, 1734, 199, 2760, 2761, 2762, 2763, 2767, 1746, 2770, 2771, 2772, 2773, 2780, 2781, 2782, 2788, 1771, 1772, 1773, 1774, 1775, 1776, 1777, 1778, 1269, 2805, 1270, 2806, 1271, 2807, 1272, 2808, 2809, 1274, 2810, 2811, 2812, 1277, 2813, 1278, 2814, 1279, 1282, 1291, 2832, 2833, 1828, 1842, 1843, 1844, 1845, 2870, 2871, 1336, 2872, 2873, 1341, 2365, 2370, 2371, 1860, 2372, 2887, 1865, 1866, 2891, 2385, 2386, 2387, 2388, 1370, 2906, 1371, 2907, 2908, 1373, 2909, 2402, 2403, 2411, 2412, 2413, 2416, 2417, 2423, 376, 377, 378, 2949, 2443, 2444, 2445, 2446, 1423, 2447, 1424, 2448, 1425, 2449, 1426, 2450, 1427, 2451, 1428, 2452, 1429, 941, 942, 943, 944, 945, 2481, 946, 2482, 947, 948, 949, 438, 950, 439, 951, 440, 441, 1469, 2493, 1470, 2494, 2495, 2496, 2497, 450, 451, 452, 1485, 978, 979, 473, 985, 2535, 2536]
49  #SUP: 183 (5.73%) #TID: [1024, 1025, 2564, 517, 2565, 518, 263, 519, 2057, 2058, 2065, 2067, 1305, 1306, 1307, 3104, 297, 298, 1585, 2620, 2621, 2622, 2623, 2624, 1089, 2625, 1090, 2626, 1091, 2883, 1092, 2884, 1093, 2885, 1094, 2886, 1095, 1096, 1097, 1865, 2633, 1866, 2634, 1867, 2635, 2636, 2638, 2639, 2640, 2641, 1618, 2642, 1619, 1875, 3155, 1876, 3156, 1877, 3157, 854, 1878, 3158, 1879, 1880, 1114, 1115, 865, 1892, 2404, 1893, 2405, 1894, 2406, 1895, 2407, 3175, 1896, 2408, 3176, 1129, 1897, 2409, 3177, 1130, 1898, 2410, 3178, 1131, 1899, 3179, 1132, 1900, 3180, 1901, 3181, 1902, 2670, 3182, 1650, 1651, 1654, 3190, 1655, 3191, 1656, 2424, 3192, 1913, 2425, 3193, 1146, 1914, 2426, 1915, 2427, 1916, 387, 2438, 1932, 1933, 2962, 2963, 1439, 1440, 1953, 2978, 2979, 2980, 2981, 2982, 2983, 1192, 2984, 1193, 2985, 2993, 2994, 2995, 2740, 2996, 2741, 2997, 2742, 2998, 2743, 2999, 3000, 3001, 3002, 3003, 3004, 3005, 1988, 1221, 1989, 1990, 1996, 1486, 1487, 1743, 2767, 1744, 2768, 1745, 2769, 1746, 1747, 468, 469, 470, 471, 983, 472, 984, 473, 985, 1497, 474, 3041, 1510, 2795, 1022, 1023]
57  #SUP: 175 (5.48%) #TID: [2304, 2560, 2816, 3072, 2820, 2821, 3077, 3078, 3079, 3081, 2314, 3082, 3083, 2316, 2318, 3086, 3087, 3088, 3089, 3090, 3091, 3092, 3093, 2070, 3094, 2071, 3095, 2072, 2841, 3097, 3098, 3099, 2076, 3102, 2081, 2849, 2082, 3106, 2339, 2852, 3108, 3109, 2087, 3117, 2094, 2095, 3121, 3122, 2355, 3124, 3129, 2113, 3139, 3142, 2119, 3144, 3145, 3146, 2893, 2894, 3150, 2128, 2899, 2900, 597, 2906, 2907, 2396, 2908, 2397, 2909, 2911, 2912, 2913, 1890, 2402, 2658, 2914, 2917, 2920, 2921, 2928, 2676, 2677, 2167, 2168, 2936, 2169, 2937, 2938, 2939, 2943, 1923, 2947, 645, 1925, 2949, 2951, 1929, 2186, 2954, 2188, 1677, 2960, 2961, 1685, 1686, 922, 1180, 1181, 1186, 2726, 2727, 2728, 2733, 2734, 2992, 1202, 1203, 1207, 1978, 2240, 1217, 2241, 3009, 3013, 3014, 3015, 3019, 3020, 2256, 2257, 3025, 2258, 3026, 3027, 3029, 3032, 3033, 3034, 3035, 2780, 2781, 3037, 2782, 3038, 2784, 2788, 3045, 2790, 3046, 2535, 3049, 3050, 2287, 2032, 2289, 3057, 2290, 3059, 3060, 3062, 3063, 3064, 2297, 2555, 3067, 2556, 2557, 3069, 2558, 3070, 2303, 2559, 2815]
67  #SUP: 175 (5.48%) #TID: [2565, 2828, 2829, 2062, 2830, 2831, 2064, 2832, 2833, 2834, 2835, 2836, 2837, 2838, 2839, 2840, 1057, 1058, 1059, 1060, 1061, 2860, 2861, 2862, 2863, 2864, 2865, 2866, 2867, 2868, 2869, 2870, 2871, 1080, 2872, 2873, 1084, 2366, 2367, 2879, 2368, 2369, 2625, 2884, 2885, 2886, 2887, 2888, 2889, 2890, 2636, 3153, 3154, 3155, 3156, 3157, 3158, 3159, 3160, 3161, 3162, 3163, 3164, 3165, 3166, 3167, 3168, 3169, 3170, 3171, 3172, 3173, 3174, 3175, 3176, 3177, 2410, 3178, 3179, 3180, 3181, 3182, 3183, 3184, 3185, 3186, 3187, 3188, 3189, 3190, 3191, 3192, 3193, 3194, 3195, 1418, 907, 908, 909, 910, 911, 2447, 912, 2192, 2448, 913, 2193, 2449, 914, 2194, 2450, 2195, 2451, 2196, 2197, 2198, 2199, 2200, 2460, 2461, 2462, 2463, 2464, 2465, 2466, 2467, 2468, 2469, 2470, 2983, 1704, 2984, 1705, 2985, 946, 2740, 2741, 2742, 2743, 2488, 3002, 2747, 3003, 1725, 3005, 2750, 3006, 2751, 2752, 2753, 2754, 2755, 2756, 2757, 2758, 2759, 2768, 2769, 2007, 2018, 2019, 2020, 2021, 1254, 1255, 1256, 1257, 1258, 2030, 2809, 2810, 2811, 2812, 2813, 2814]

========== TỔNG KẾT ==========
Tổng số rare itemsets tìm được: 5
Thuật toán: AprioriTID Inverse
Định nghĩa: MRT < Support(X) <= MFT
Output folder: release/AprioriTIDInverse/

========== THÔNG TIN HIỆU SUẤT ==========
Thuật toán: AprioriTID Inverse
Tổng thời gian thực thi: 00:03.924 (phút:giây.mili giây) [3924 ms]
Bộ nhớ tối đa sử dụng: 38.53 MB
Thời gian kết thúc: Sun Jun 01 21:26:24 ICT 2025
Output folder: release/AprioriTIDInverse/
Định nghĩa: MRT < Support(X) <= MFT
