59 #SUP: 1
59 63 60 #SUP: 1
59 33 40 #SUP: 1
59 63 33 60 40 #SUP: 1
59 4 29 #SUP: 1
59 63 4 60 29 #SUP: 1
59 33 4 40 29 #SUP: 1
59 63 33 4 60 40 29 #SUP: 1
59 73 52 #SUP: 1
59 63 73 60 52 #SUP: 1
59 33 73 40 52 #SUP: 1
59 63 33 73 60 40 52 #SUP: 1
59 4 73 29 52 #SUP: 1
59 63 4 73 60 29 52 #SUP: 1
59 33 4 73 40 29 52 #SUP: 1
59 63 33 4 73 60 40 29 52 #SUP: 1
59 53 #SUP: 0
59 53 63 60 14 #SUP: 0
59 53 33 40 1 #SUP: 0
59 53 63 33 60 40 14 1 #SUP: 0
59 53 4 29 23 #SUP: 0
59 53 63 4 60 29 14 23 #SUP: 0
59 53 33 4 40 29 1 23 #SUP: 0
59 53 63 33 4 60 40 29 14 1 23 #SUP: 0
59 53 73 52 50 #SUP: 0
59 53 63 73 60 52 14 50 #SUP: 0
59 53 33 73 40 52 1 50 #SUP: 0
59 53 63 33 73 60 40 52 14 1 50 #SUP: 0
59 53 4 73 29 52 23 50 #SUP: 0
59 53 63 4 73 60 29 52 14 23 50 #SUP: 0
59 53 33 4 73 40 29 52 1 23 50 #SUP: 0
59 53 63 33 4 73 60 40 29 52 14 1 23 50 #SUP: 0
59 53 51 30 72 #SUP: 0
59 53 63 51 60 30 14 72 #SUP: 0
59 53 33 51 40 30 1 72 #SUP: 0
59 53 63 33 51 60 40 30 14 1 72 #SUP: 0
59 53 4 51 29 30 23 72 #SUP: 0
59 53 63 4 51 60 29 30 14 23 72 #SUP: 0
59 53 33 4 51 40 29 30 1 23 72 #SUP: 0
59 53 63 33 4 51 60 40 29 30 14 1 23 72 #SUP: 0
59 53 73 51 52 30 50 72 #SUP: 0
59 53 63 73 51 60 52 30 14 50 72 #SUP: 0
59 53 33 73 51 40 52 30 1 50 72 #SUP: 0
59 53 63 33 73 51 60 40 52 30 14 1 50 72 #SUP: 0
59 53 4 73 51 29 52 30 23 50 72 #SUP: 0
59 53 63 4 73 51 60 29 52 30 14 23 50 72 #SUP: 0
59 53 33 4 73 51 40 29 52 30 1 23 50 72 #SUP: 0
59 53 63 33 4 73 51 60 40 29 52 30 14 1 23 50 72 #SUP: 0
59 53 24 41 31 #SUP: 0
59 53 63 24 60 41 14 31 #SUP: 0
59 53 33 24 40 41 1 31 #SUP: 0
59 53 63 33 24 60 40 41 14 1 31 #SUP: 0
59 53 4 24 29 41 23 31 #SUP: 0
59 53 63 4 24 60 29 41 14 23 31 #SUP: 0
59 53 33 4 24 40 29 41 1 23 31 #SUP: 0
59 53 63 33 4 24 60 40 29 41 14 1 23 31 #SUP: 0
59 53 73 24 52 41 50 31 #SUP: 0
59 53 63 73 24 60 52 41 14 50 31 #SUP: 0
59 53 33 73 24 40 52 41 1 50 31 #SUP: 0
59 53 63 33 73 24 60 40 52 41 14 1 50 31 #SUP: 0
59 53 4 73 24 29 52 41 23 50 31 #SUP: 0
59 53 63 4 73 24 60 29 52 41 14 23 50 31 #SUP: 0
59 53 33 4 73 24 40 29 52 41 1 23 50 31 #SUP: 0
59 53 63 33 4 73 24 60 40 29 52 41 14 1 23 50 31 #SUP: 0
59 53 51 24 30 41 72 31 #SUP: 0
59 53 63 51 24 60 30 41 14 72 31 #SUP: 0
59 53 33 51 24 40 30 41 1 72 31 #SUP: 0
59 53 63 33 51 24 60 40 30 41 14 1 72 31 #SUP: 0
59 53 4 51 24 29 30 41 23 72 31 #SUP: 0
59 53 63 4 51 24 60 29 30 41 14 23 72 31 #SUP: 0
59 53 33 4 51 24 40 29 30 41 1 23 72 31 #SUP: 0
59 53 63 33 4 51 24 60 40 29 30 41 14 1 23 72 31 #SUP: 0
59 53 73 51 24 52 30 41 50 72 31 #SUP: 0
59 53 63 73 51 24 60 52 30 41 14 50 72 31 #SUP: 0
59 53 33 73 51 24 40 52 30 41 1 50 72 31 #SUP: 0
59 53 63 33 73 51 24 60 40 52 30 41 14 1 50 72 31 #SUP: 0
59 53 4 73 51 24 29 52 30 41 23 50 72 31 #SUP: 0
59 53 63 4 73 51 24 60 29 52 30 41 14 23 50 72 31 #SUP: 0
59 53 33 4 73 51 24 40 29 52 30 41 1 23 50 72 31 #SUP: 0
59 53 63 33 4 73 51 24 60 40 29 52 30 41 14 1 23 50 72 31 #SUP: 0
59 53 2 61 3 #SUP: 0
59 53 63 2 60 61 14 3 #SUP: 0
59 53 33 2 40 61 1 3 #SUP: 0
59 53 63 33 2 60 40 61 14 1 3 #SUP: 0
59 53 4 2 29 61 23 3 #SUP: 0
59 53 63 4 2 60 29 61 14 23 3 #SUP: 0
59 53 33 4 2 40 29 61 1 23 3 #SUP: 0
59 53 63 33 4 2 60 40 29 61 14 1 23 3 #SUP: 0
59 53 73 2 52 61 50 3 #SUP: 0
59 53 63 73 2 60 52 61 14 50 3 #SUP: 0
59 53 33 73 2 40 52 61 1 50 3 #SUP: 0
59 53 63 33 73 2 60 40 52 61 14 1 50 3 #SUP: 0
59 53 4 73 2 29 52 61 23 50 3 #SUP: 0
59 53 63 4 73 2 60 29 52 61 14 23 50 3 #SUP: 0
59 53 33 4 73 2 40 29 52 61 1 23 50 3 #SUP: 0
59 53 63 33 4 73 2 60 40 29 52 61 14 1 23 50 3 #SUP: 0
59 53 51 2 30 61 72 3 #SUP: 0
59 53 63 51 2 60 30 61 14 72 3 #SUP: 0
59 53 33 51 2 40 30 61 1 72 3 #SUP: 0
59 53 63 33 51 2 60 40 30 61 14 1 72 3 #SUP: 0
59 53 4 51 2 29 30 61 23 72 3 #SUP: 0
59 53 63 4 51 2 60 29 30 61 14 23 72 3 #SUP: 0
59 53 33 4 51 2 40 29 30 61 1 23 72 3 #SUP: 0
59 53 63 33 4 51 2 60 40 29 30 61 14 1 23 72 3 #SUP: 0
59 53 73 51 2 52 30 61 50 72 3 #SUP: 0
59 53 63 73 51 2 60 52 30 61 14 50 72 3 #SUP: 0
59 53 33 73 51 2 40 52 30 61 1 50 72 3 #SUP: 0
59 53 63 33 73 51 2 60 40 52 30 61 14 1 50 72 3 #SUP: 0
59 53 4 73 51 2 29 52 30 61 23 50 72 3 #SUP: 0
59 53 63 4 73 51 2 60 29 52 30 61 14 23 50 72 3 #SUP: 0
59 53 33 4 73 51 2 40 29 52 30 61 1 23 50 72 3 #SUP: 0
59 53 63 33 4 73 51 2 60 40 29 52 30 61 14 1 23 50 72 3 #SUP: 0
59 53 24 2 41 61 31 3 #SUP: 0
59 53 63 24 2 60 41 61 14 31 3 #SUP: 0
59 53 33 24 2 40 41 61 1 31 3 #SUP: 0
59 53 63 33 24 2 60 40 41 61 14 1 31 3 #SUP: 0
59 53 4 24 2 29 41 61 23 31 3 #SUP: 0
59 53 63 4 24 2 60 29 41 61 14 23 31 3 #SUP: 0
59 53 33 4 24 2 40 29 41 61 1 23 31 3 #SUP: 0
59 53 63 33 4 24 2 60 40 29 41 61 14 1 23 31 3 #SUP: 0
59 53 73 24 2 52 41 61 50 31 3 #SUP: 0
59 53 63 73 24 2 60 52 41 61 14 50 31 3 #SUP: 0
59 53 33 73 24 2 40 52 41 61 1 50 31 3 #SUP: 0
59 53 63 33 73 24 2 60 40 52 41 61 14 1 50 31 3 #SUP: 0
59 53 4 73 24 2 29 52 41 61 23 50 31 3 #SUP: 0
59 53 63 4 73 24 2 60 29 52 41 61 14 23 50 31 3 #SUP: 0
59 53 33 4 73 24 2 40 29 52 41 61 1 23 50 31 3 #SUP: 0
59 53 63 33 4 73 24 2 60 40 29 52 41 61 14 1 23 50 31 3 #SUP: 0
59 53 51 24 2 30 41 61 72 31 3 #SUP: 0
59 53 63 51 24 2 60 30 41 61 14 72 31 3 #SUP: 0
59 53 33 51 24 2 40 30 41 61 1 72 31 3 #SUP: 0
59 53 63 33 51 24 2 60 40 30 41 61 14 1 72 31 3 #SUP: 0
59 53 4 51 24 2 29 30 41 61 23 72 31 3 #SUP: 0
59 53 63 4 51 24 2 60 29 30 41 61 14 23 72 31 3 #SUP: 0
59 53 33 4 51 24 2 40 29 30 41 61 1 23 72 31 3 #SUP: 0
59 53 63 33 4 51 24 2 60 40 29 30 41 61 14 1 23 72 31 3 #SUP: 0
59 53 73 51 24 2 52 30 41 61 50 72 31 3 #SUP: 0
59 53 63 73 51 24 2 60 52 30 41 61 14 50 72 31 3 #SUP: 0
59 53 33 73 51 24 2 40 52 30 41 61 1 50 72 31 3 #SUP: 0
59 53 63 33 73 51 24 2 60 40 52 30 41 61 14 1 50 72 31 3 #SUP: 0
59 53 4 73 51 24 2 29 52 30 41 61 23 50 72 31 3 #SUP: 0
59 53 63 4 73 51 24 2 60 29 52 30 41 61 14 23 50 72 31 3 #SUP: 0
59 53 33 4 73 51 24 2 40 29 52 30 41 61 1 23 50 72 31 3 #SUP: 0
59 53 63 33 4 73 51 24 2 60 40 29 52 30 41 61 14 1 23 50 72 31 3 #SUP: 0
59 53 13 37 62 #SUP: 0
59 53 63 13 60 37 14 62 #SUP: 0
59 53 33 13 40 37 1 62 #SUP: 0
59 53 63 33 13 60 40 37 14 1 62 #SUP: 0
59 53 4 13 29 37 23 62 #SUP: 0
59 53 63 4 13 60 29 37 14 23 62 #SUP: 0
59 53 33 4 13 40 29 37 1 23 62 #SUP: 0
59 53 63 33 4 13 60 40 29 37 14 1 23 62 #SUP: 0
59 53 73 13 52 37 50 62 #SUP: 0
59 53 63 73 13 60 52 37 14 50 62 #SUP: 0
59 53 33 73 13 40 52 37 1 50 62 #SUP: 0
59 53 63 33 73 13 60 40 52 37 14 1 50 62 #SUP: 0
59 53 4 73 13 29 52 37 23 50 62 #SUP: 0
59 53 63 4 73 13 60 29 52 37 14 23 50 62 #SUP: 0
59 53 33 4 73 13 40 29 52 37 1 23 50 62 #SUP: 0
59 53 63 33 4 73 13 60 40 29 52 37 14 1 23 50 62 #SUP: 0
59 53 51 13 30 37 72 62 #SUP: 0
59 53 63 51 13 60 30 37 14 72 62 #SUP: 0
59 53 33 51 13 40 30 37 1 72 62 #SUP: 0
59 53 63 33 51 13 60 40 30 37 14 1 72 62 #SUP: 0
59 53 4 51 13 29 30 37 23 72 62 #SUP: 0
59 53 63 4 51 13 60 29 30 37 14 23 72 62 #SUP: 0
59 53 33 4 51 13 40 29 30 37 1 23 72 62 #SUP: 0
59 53 63 33 4 51 13 60 40 29 30 37 14 1 23 72 62 #SUP: 0
59 53 73 51 13 52 30 37 50 72 62 #SUP: 0
59 53 63 73 51 13 60 52 30 37 14 50 72 62 #SUP: 0
59 53 33 73 51 13 40 52 30 37 1 50 72 62 #SUP: 0
59 53 63 33 73 51 13 60 40 52 30 37 14 1 50 72 62 #SUP: 0
59 53 4 73 51 13 29 52 30 37 23 50 72 62 #SUP: 0
59 53 63 4 73 51 13 60 29 52 30 37 14 23 50 72 62 #SUP: 0
59 53 33 4 73 51 13 40 29 52 30 37 1 23 50 72 62 #SUP: 0
59 53 63 33 4 73 51 13 60 40 29 52 30 37 14 1 23 50 72 62 #SUP: 0
59 53 24 13 41 37 31 62 #SUP: 0
59 53 63 24 13 60 41 37 14 31 62 #SUP: 0
59 53 33 24 13 40 41 37 1 31 62 #SUP: 0
59 53 63 33 24 13 60 40 41 37 14 1 31 62 #SUP: 0
59 53 4 24 13 29 41 37 23 31 62 #SUP: 0
59 53 63 4 24 13 60 29 41 37 14 23 31 62 #SUP: 0
59 53 33 4 24 13 40 29 41 37 1 23 31 62 #SUP: 0
59 53 63 33 4 24 13 60 40 29 41 37 14 1 23 31 62 #SUP: 0
59 53 73 24 13 52 41 37 50 31 62 #SUP: 0
59 53 63 73 24 13 60 52 41 37 14 50 31 62 #SUP: 0
59 53 33 73 24 13 40 52 41 37 1 50 31 62 #SUP: 0
59 53 63 33 73 24 13 60 40 52 41 37 14 1 50 31 62 #SUP: 0
59 53 4 73 24 13 29 52 41 37 23 50 31 62 #SUP: 0
59 53 63 4 73 24 13 60 29 52 41 37 14 23 50 31 62 #SUP: 0
59 53 33 4 73 24 13 40 29 52 41 37 1 23 50 31 62 #SUP: 0
59 53 63 33 4 73 24 13 60 40 29 52 41 37 14 1 23 50 31 62 #SUP: 0
59 53 51 24 13 30 41 37 72 31 62 #SUP: 0
59 53 63 51 24 13 60 30 41 37 14 72 31 62 #SUP: 0
59 53 33 51 24 13 40 30 41 37 1 72 31 62 #SUP: 0
59 53 63 33 51 24 13 60 40 30 41 37 14 1 72 31 62 #SUP: 0
59 53 4 51 24 13 29 30 41 37 23 72 31 62 #SUP: 0
59 53 63 4 51 24 13 60 29 30 41 37 14 23 72 31 62 #SUP: 0
59 53 33 4 51 24 13 40 29 30 41 37 1 23 72 31 62 #SUP: 0
59 53 63 33 4 51 24 13 60 40 29 30 41 37 14 1 23 72 31 62 #SUP: 0
59 53 73 51 24 13 52 30 41 37 50 72 31 62 #SUP: 0
59 53 63 73 51 24 13 60 52 30 41 37 14 50 72 31 62 #SUP: 0
59 53 33 73 51 24 13 40 52 30 41 37 1 50 72 31 62 #SUP: 0
59 53 63 33 73 51 24 13 60 40 52 30 41 37 14 1 50 72 31 62 #SUP: 0
59 53 4 73 51 24 13 29 52 30 41 37 23 50 72 31 62 #SUP: 0
59 53 63 4 73 51 24 13 60 29 52 30 41 37 14 23 50 72 31 62 #SUP: 0
59 53 33 4 73 51 24 13 40 29 52 30 41 37 1 23 50 72 31 62 #SUP: 0
59 53 63 33 4 73 51 24 13 60 40 29 52 30 41 37 14 1 23 50 72 31 62 #SUP: 0
59 53 2 13 61 37 3 62 #SUP: 0
59 53 63 2 13 60 61 37 14 3 62 #SUP: 0
59 53 33 2 13 40 61 37 1 3 62 #SUP: 0
59 53 63 33 2 13 60 40 61 37 14 1 3 62 #SUP: 0
59 53 4 2 13 29 61 37 23 3 62 #SUP: 0
59 53 63 4 2 13 60 29 61 37 14 23 3 62 #SUP: 0
59 53 33 4 2 13 40 29 61 37 1 23 3 62 #SUP: 0
59 53 63 33 4 2 13 60 40 29 61 37 14 1 23 3 62 #SUP: 0
59 53 73 2 13 52 61 37 50 3 62 #SUP: 0
59 53 63 73 2 13 60 52 61 37 14 50 3 62 #SUP: 0
59 53 33 73 2 13 40 52 61 37 1 50 3 62 #SUP: 0
59 53 63 33 73 2 13 60 40 52 61 37 14 1 50 3 62 #SUP: 0
59 53 4 73 2 13 29 52 61 37 23 50 3 62 #SUP: 0
59 53 63 4 73 2 13 60 29 52 61 37 14 23 50 3 62 #SUP: 0
59 53 33 4 73 2 13 40 29 52 61 37 1 23 50 3 62 #SUP: 0
59 53 63 33 4 73 2 13 60 40 29 52 61 37 14 1 23 50 3 62 #SUP: 0
59 53 51 2 13 30 61 37 72 3 62 #SUP: 0
59 53 63 51 2 13 60 30 61 37 14 72 3 62 #SUP: 0
59 53 33 51 2 13 40 30 61 37 1 72 3 62 #SUP: 0
59 53 63 33 51 2 13 60 40 30 61 37 14 1 72 3 62 #SUP: 0
59 53 4 51 2 13 29 30 61 37 23 72 3 62 #SUP: 0
59 53 63 4 51 2 13 60 29 30 61 37 14 23 72 3 62 #SUP: 0
59 53 33 4 51 2 13 40 29 30 61 37 1 23 72 3 62 #SUP: 0
59 53 63 33 4 51 2 13 60 40 29 30 61 37 14 1 23 72 3 62 #SUP: 0
59 53 73 51 2 13 52 30 61 37 50 72 3 62 #SUP: 0
59 53 63 73 51 2 13 60 52 30 61 37 14 50 72 3 62 #SUP: 0
59 53 33 73 51 2 13 40 52 30 61 37 1 50 72 3 62 #SUP: 0
59 53 63 33 73 51 2 13 60 40 52 30 61 37 14 1 50 72 3 62 #SUP: 0
59 53 4 73 51 2 13 29 52 30 61 37 23 50 72 3 62 #SUP: 0
59 53 63 4 73 51 2 13 60 29 52 30 61 37 14 23 50 72 3 62 #SUP: 0
59 53 33 4 73 51 2 13 40 29 52 30 61 37 1 23 50 72 3 62 #SUP: 0
59 53 63 33 4 73 51 2 13 60 40 29 52 30 61 37 14 1 23 50 72 3 62 #SUP: 0
59 53 24 2 13 41 61 37 31 3 62 #SUP: 0
59 53 63 24 2 13 60 41 61 37 14 31 3 62 #SUP: 0
59 53 33 24 2 13 40 41 61 37 1 31 3 62 #SUP: 0
59 53 63 33 24 2 13 60 40 41 61 37 14 1 31 3 62 #SUP: 0
59 53 4 24 2 13 29 41 61 37 23 31 3 62 #SUP: 0
59 53 63 4 24 2 13 60 29 41 61 37 14 23 31 3 62 #SUP: 0
59 53 33 4 24 2 13 40 29 41 61 37 1 23 31 3 62 #SUP: 0
59 53 63 33 4 24 2 13 60 40 29 41 61 37 14 1 23 31 3 62 #SUP: 0
59 53 73 24 2 13 52 41 61 37 50 31 3 62 #SUP: 0
59 53 63 73 24 2 13 60 52 41 61 37 14 50 31 3 62 #SUP: 0
59 53 33 73 24 2 13 40 52 41 61 37 1 50 31 3 62 #SUP: 0
59 53 63 33 73 24 2 13 60 40 52 41 61 37 14 1 50 31 3 62 #SUP: 0
59 53 4 73 24 2 13 29 52 41 61 37 23 50 31 3 62 #SUP: 0
59 53 63 4 73 24 2 13 60 29 52 41 61 37 14 23 50 31 3 62 #SUP: 0
59 53 33 4 73 24 2 13 40 29 52 41 61 37 1 23 50 31 3 62 #SUP: 0
59 53 63 33 4 73 24 2 13 60 40 29 52 41 61 37 14 1 23 50 31 3 62 #SUP: 0
59 53 51 24 2 13 30 41 61 37 72 31 3 62 #SUP: 0
59 53 63 51 24 2 13 60 30 41 61 37 14 72 31 3 62 #SUP: 0
59 53 33 51 24 2 13 40 30 41 61 37 1 72 31 3 62 #SUP: 0
59 53 63 33 51 24 2 13 60 40 30 41 61 37 14 1 72 31 3 62 #SUP: 0
59 53 4 51 24 2 13 29 30 41 61 37 23 72 31 3 62 #SUP: 0
59 53 63 4 51 24 2 13 60 29 30 41 61 37 14 23 72 31 3 62 #SUP: 0
59 53 33 4 51 24 2 13 40 29 30 41 61 37 1 23 72 31 3 62 #SUP: 0
59 53 63 33 4 51 24 2 13 60 40 29 30 41 61 37 14 1 23 72 31 3 62 #SUP: 0
59 53 73 51 24 2 13 52 30 41 61 37 50 72 31 3 62 #SUP: 0
59 53 63 73 51 24 2 13 60 52 30 41 61 37 14 50 72 31 3 62 #SUP: 0
59 53 33 73 51 24 2 13 40 52 30 41 61 37 1 50 72 31 3 62 #SUP: 0
59 53 63 33 73 51 24 2 13 60 40 52 30 41 61 37 14 1 50 72 31 3 62 #SUP: 0
59 53 4 73 51 24 2 13 29 52 30 41 61 37 23 50 72 31 3 62 #SUP: 0
59 53 63 4 73 51 24 2 13 60 29 52 30 41 61 37 14 23 50 72 31 3 62 #SUP: 0
59 53 33 4 73 51 24 2 13 40 29 52 30 41 61 37 1 23 50 72 31 3 62 #SUP: 0
59 53 63 33 4 73 51 24 2 13 60 40 29 52 30 41 61 37 14 1 23 50 72 31 3 62 #SUP: 0
59 53 19 8 58 #SUP: 0
59 53 63 19 60 8 14 58 #SUP: 0
59 53 33 19 40 8 1 58 #SUP: 0
59 53 63 33 19 60 40 8 14 1 58 #SUP: 0
59 53 4 19 29 8 23 58 #SUP: 0
59 53 63 4 19 60 29 8 14 23 58 #SUP: 0
59 53 33 4 19 40 29 8 1 23 58 #SUP: 0
59 53 63 33 4 19 60 40 29 8 14 1 23 58 #SUP: 0
59 53 73 19 52 8 50 58 #SUP: 0
59 53 63 73 19 60 52 8 14 50 58 #SUP: 0
59 53 33 73 19 40 52 8 1 50 58 #SUP: 0
59 53 63 33 73 19 60 40 52 8 14 1 50 58 #SUP: 0
59 53 4 73 19 29 52 8 23 50 58 #SUP: 0
59 53 63 4 73 19 60 29 52 8 14 23 50 58 #SUP: 0
59 53 33 4 73 19 40 29 52 8 1 23 50 58 #SUP: 0
59 53 63 33 4 73 19 60 40 29 52 8 14 1 23 50 58 #SUP: 0
59 53 51 19 30 8 72 58 #SUP: 0
59 53 63 51 19 60 30 8 14 72 58 #SUP: 0
59 53 33 51 19 40 30 8 1 72 58 #SUP: 0
59 53 63 33 51 19 60 40 30 8 14 1 72 58 #SUP: 0
59 53 4 51 19 29 30 8 23 72 58 #SUP: 0
59 53 63 4 51 19 60 29 30 8 14 23 72 58 #SUP: 0
59 53 33 4 51 19 40 29 30 8 1 23 72 58 #SUP: 0
59 53 63 33 4 51 19 60 40 29 30 8 14 1 23 72 58 #SUP: 0
59 53 73 51 19 52 30 8 50 72 58 #SUP: 0
59 53 63 73 51 19 60 52 30 8 14 50 72 58 #SUP: 0
59 53 33 73 51 19 40 52 30 8 1 50 72 58 #SUP: 0
59 53 63 33 73 51 19 60 40 52 30 8 14 1 50 72 58 #SUP: 0
59 53 4 73 51 19 29 52 30 8 23 50 72 58 #SUP: 0
59 53 63 4 73 51 19 60 29 52 30 8 14 23 50 72 58 #SUP: 0
59 53 33 4 73 51 19 40 29 52 30 8 1 23 50 72 58 #SUP: 0
59 53 63 33 4 73 51 19 60 40 29 52 30 8 14 1 23 50 72 58 #SUP: 0
59 53 24 19 41 8 31 58 #SUP: 0
59 53 63 24 19 60 41 8 14 31 58 #SUP: 0
59 53 33 24 19 40 41 8 1 31 58 #SUP: 0
59 53 63 33 24 19 60 40 41 8 14 1 31 58 #SUP: 0
59 53 4 24 19 29 41 8 23 31 58 #SUP: 0
59 53 63 4 24 19 60 29 41 8 14 23 31 58 #SUP: 0
59 53 33 4 24 19 40 29 41 8 1 23 31 58 #SUP: 0
59 53 63 33 4 24 19 60 40 29 41 8 14 1 23 31 58 #SUP: 0
59 53 73 24 19 52 41 8 50 31 58 #SUP: 0
59 53 63 73 24 19 60 52 41 8 14 50 31 58 #SUP: 0
59 53 33 73 24 19 40 52 41 8 1 50 31 58 #SUP: 0
59 53 63 33 73 24 19 60 40 52 41 8 14 1 50 31 58 #SUP: 0
59 53 4 73 24 19 29 52 41 8 23 50 31 58 #SUP: 0
59 53 63 4 73 24 19 60 29 52 41 8 14 23 50 31 58 #SUP: 0
59 53 33 4 73 24 19 40 29 52 41 8 1 23 50 31 58 #SUP: 0
59 53 63 33 4 73 24 19 60 40 29 52 41 8 14 1 23 50 31 58 #SUP: 0
59 53 51 24 19 30 41 8 72 31 58 #SUP: 0
59 53 63 51 24 19 60 30 41 8 14 72 31 58 #SUP: 0
59 53 33 51 24 19 40 30 41 8 1 72 31 58 #SUP: 0
59 53 63 33 51 24 19 60 40 30 41 8 14 1 72 31 58 #SUP: 0
59 53 4 51 24 19 29 30 41 8 23 72 31 58 #SUP: 0
59 53 63 4 51 24 19 60 29 30 41 8 14 23 72 31 58 #SUP: 0
59 53 33 4 51 24 19 40 29 30 41 8 1 23 72 31 58 #SUP: 0
59 53 63 33 4 51 24 19 60 40 29 30 41 8 14 1 23 72 31 58 #SUP: 0
59 53 73 51 24 19 52 30 41 8 50 72 31 58 #SUP: 0
59 53 63 73 51 24 19 60 52 30 41 8 14 50 72 31 58 #SUP: 0
59 53 33 73 51 24 19 40 52 30 41 8 1 50 72 31 58 #SUP: 0
59 53 63 33 73 51 24 19 60 40 52 30 41 8 14 1 50 72 31 58 #SUP: 0
59 53 4 73 51 24 19 29 52 30 41 8 23 50 72 31 58 #SUP: 0
59 53 63 4 73 51 24 19 60 29 52 30 41 8 14 23 50 72 31 58 #SUP: 0
59 53 33 4 73 51 24 19 40 29 52 30 41 8 1 23 50 72 31 58 #SUP: 0
59 53 63 33 4 73 51 24 19 60 40 29 52 30 41 8 14 1 23 50 72 31 58 #SUP: 0
59 53 2 19 61 8 3 58 #SUP: 0
59 53 63 2 19 60 61 8 14 3 58 #SUP: 0
59 53 33 2 19 40 61 8 1 3 58 #SUP: 0
59 53 63 33 2 19 60 40 61 8 14 1 3 58 #SUP: 0
59 53 4 2 19 29 61 8 23 3 58 #SUP: 0
59 53 63 4 2 19 60 29 61 8 14 23 3 58 #SUP: 0
59 53 33 4 2 19 40 29 61 8 1 23 3 58 #SUP: 0
59 53 63 33 4 2 19 60 40 29 61 8 14 1 23 3 58 #SUP: 0
59 53 73 2 19 52 61 8 50 3 58 #SUP: 0
59 53 63 73 2 19 60 52 61 8 14 50 3 58 #SUP: 0
59 53 33 73 2 19 40 52 61 8 1 50 3 58 #SUP: 0
59 53 63 33 73 2 19 60 40 52 61 8 14 1 50 3 58 #SUP: 0
59 53 4 73 2 19 29 52 61 8 23 50 3 58 #SUP: 0
59 53 63 4 73 2 19 60 29 52 61 8 14 23 50 3 58 #SUP: 0
59 53 33 4 73 2 19 40 29 52 61 8 1 23 50 3 58 #SUP: 0
59 53 63 33 4 73 2 19 60 40 29 52 61 8 14 1 23 50 3 58 #SUP: 0
59 53 51 2 19 30 61 8 72 3 58 #SUP: 0
59 53 63 51 2 19 60 30 61 8 14 72 3 58 #SUP: 0
59 53 33 51 2 19 40 30 61 8 1 72 3 58 #SUP: 0
59 53 63 33 51 2 19 60 40 30 61 8 14 1 72 3 58 #SUP: 0
59 53 4 51 2 19 29 30 61 8 23 72 3 58 #SUP: 0
59 53 63 4 51 2 19 60 29 30 61 8 14 23 72 3 58 #SUP: 0
59 53 33 4 51 2 19 40 29 30 61 8 1 23 72 3 58 #SUP: 0
59 53 63 33 4 51 2 19 60 40 29 30 61 8 14 1 23 72 3 58 #SUP: 0
59 53 73 51 2 19 52 30 61 8 50 72 3 58 #SUP: 0
59 53 63 73 51 2 19 60 52 30 61 8 14 50 72 3 58 #SUP: 0
59 53 33 73 51 2 19 40 52 30 61 8 1 50 72 3 58 #SUP: 0
59 53 63 33 73 51 2 19 60 40 52 30 61 8 14 1 50 72 3 58 #SUP: 0
59 53 4 73 51 2 19 29 52 30 61 8 23 50 72 3 58 #SUP: 0
59 53 63 4 73 51 2 19 60 29 52 30 61 8 14 23 50 72 3 58 #SUP: 0
59 53 33 4 73 51 2 19 40 29 52 30 61 8 1 23 50 72 3 58 #SUP: 0
59 53 63 33 4 73 51 2 19 60 40 29 52 30 61 8 14 1 23 50 72 3 58 #SUP: 0
59 53 24 2 19 41 61 8 31 3 58 #SUP: 0
59 53 63 24 2 19 60 41 61 8 14 31 3 58 #SUP: 0
59 53 33 24 2 19 40 41 61 8 1 31 3 58 #SUP: 0
59 53 63 33 24 2 19 60 40 41 61 8 14 1 31 3 58 #SUP: 0
59 53 4 24 2 19 29 41 61 8 23 31 3 58 #SUP: 0
59 53 63 4 24 2 19 60 29 41 61 8 14 23 31 3 58 #SUP: 0
59 53 33 4 24 2 19 40 29 41 61 8 1 23 31 3 58 #SUP: 0
59 53 63 33 4 24 2 19 60 40 29 41 61 8 14 1 23 31 3 58 #SUP: 0
59 53 73 24 2 19 52 41 61 8 50 31 3 58 #SUP: 0
59 53 63 73 24 2 19 60 52 41 61 8 14 50 31 3 58 #SUP: 0
59 53 33 73 24 2 19 40 52 41 61 8 1 50 31 3 58 #SUP: 0
59 53 63 33 73 24 2 19 60 40 52 41 61 8 14 1 50 31 3 58 #SUP: 0
59 53 4 73 24 2 19 29 52 41 61 8 23 50 31 3 58 #SUP: 0
59 53 63 4 73 24 2 19 60 29 52 41 61 8 14 23 50 31 3 58 #SUP: 0
59 53 33 4 73 24 2 19 40 29 52 41 61 8 1 23 50 31 3 58 #SUP: 0
59 53 63 33 4 73 24 2 19 60 40 29 52 41 61 8 14 1 23 50 31 3 58 #SUP: 0
59 53 51 24 2 19 30 41 61 8 72 31 3 58 #SUP: 0
59 53 63 51 24 2 19 60 30 41 61 8 14 72 31 3 58 #SUP: 0
59 53 33 51 24 2 19 40 30 41 61 8 1 72 31 3 58 #SUP: 0
59 53 63 33 51 24 2 19 60 40 30 41 61 8 14 1 72 31 3 58 #SUP: 0
59 53 4 51 24 2 19 29 30 41 61 8 23 72 31 3 58 #SUP: 0
59 53 63 4 51 24 2 19 60 29 30 41 61 8 14 23 72 31 3 58 #SUP: 0
59 53 33 4 51 24 2 19 40 29 30 41 61 8 1 23 72 31 3 58 #SUP: 0
59 53 63 33 4 51 24 2 19 60 40 29 30 41 61 8 14 1 23 72 31 3 58 #SUP: 0
59 53 73 51 24 2 19 52 30 41 61 8 50 72 31 3 58 #SUP: 0
59 53 63 73 51 24 2 19 60 52 30 41 61 8 14 50 72 31 3 58 #SUP: 0
59 53 33 73 51 24 2 19 40 52 30 41 61 8 1 50 72 31 3 58 #SUP: 0
59 53 63 33 73 51 24 2 19 60 40 52 30 41 61 8 14 1 50 72 31 3 58 #SUP: 0
59 53 4 73 51 24 2 19 29 52 30 41 61 8 23 50 72 31 3 58 #SUP: 0
59 53 63 4 73 51 24 2 19 60 29 52 30 41 61 8 14 23 50 72 31 3 58 #SUP: 0
59 53 33 4 73 51 24 2 19 40 29 52 30 41 61 8 1 23 50 72 31 3 58 #SUP: 0
59 53 63 33 4 73 51 24 2 19 60 40 29 52 30 41 61 8 14 1 23 50 72 31 3 58 #SUP: 0
59 53 13 19 37 8 62 58 #SUP: 0
59 53 63 13 19 60 37 8 14 62 58 #SUP: 0
59 53 33 13 19 40 37 8 1 62 58 #SUP: 0
59 53 63 33 13 19 60 40 37 8 14 1 62 58 #SUP: 0
59 53 4 13 19 29 37 8 23 62 58 #SUP: 0
59 53 63 4 13 19 60 29 37 8 14 23 62 58 #SUP: 0
59 53 33 4 13 19 40 29 37 8 1 23 62 58 #SUP: 0
59 53 63 33 4 13 19 60 40 29 37 8 14 1 23 62 58 #SUP: 0
59 53 73 13 19 52 37 8 50 62 58 #SUP: 0
59 53 63 73 13 19 60 52 37 8 14 50 62 58 #SUP: 0
59 53 33 73 13 19 40 52 37 8 1 50 62 58 #SUP: 0
59 53 63 33 73 13 19 60 40 52 37 8 14 1 50 62 58 #SUP: 0
59 53 4 73 13 19 29 52 37 8 23 50 62 58 #SUP: 0
59 53 63 4 73 13 19 60 29 52 37 8 14 23 50 62 58 #SUP: 0
59 53 33 4 73 13 19 40 29 52 37 8 1 23 50 62 58 #SUP: 0
59 53 63 33 4 73 13 19 60 40 29 52 37 8 14 1 23 50 62 58 #SUP: 0
59 53 51 13 19 30 37 8 72 62 58 #SUP: 0
59 53 63 51 13 19 60 30 37 8 14 72 62 58 #SUP: 0
59 53 33 51 13 19 40 30 37 8 1 72 62 58 #SUP: 0
59 53 63 33 51 13 19 60 40 30 37 8 14 1 72 62 58 #SUP: 0
59 53 4 51 13 19 29 30 37 8 23 72 62 58 #SUP: 0
59 53 63 4 51 13 19 60 29 30 37 8 14 23 72 62 58 #SUP: 0
59 53 33 4 51 13 19 40 29 30 37 8 1 23 72 62 58 #SUP: 0
59 53 63 33 4 51 13 19 60 40 29 30 37 8 14 1 23 72 62 58 #SUP: 0
59 53 73 51 13 19 52 30 37 8 50 72 62 58 #SUP: 0
59 53 63 73 51 13 19 60 52 30 37 8 14 50 72 62 58 #SUP: 0
59 53 33 73 51 13 19 40 52 30 37 8 1 50 72 62 58 #SUP: 0
59 53 63 33 73 51 13 19 60 40 52 30 37 8 14 1 50 72 62 58 #SUP: 0
59 53 4 73 51 13 19 29 52 30 37 8 23 50 72 62 58 #SUP: 0
59 53 63 4 73 51 13 19 60 29 52 30 37 8 14 23 50 72 62 58 #SUP: 0
59 53 33 4 73 51 13 19 40 29 52 30 37 8 1 23 50 72 62 58 #SUP: 0
59 53 63 33 4 73 51 13 19 60 40 29 52 30 37 8 14 1 23 50 72 62 58 #SUP: 0
59 53 24 13 19 41 37 8 31 62 58 #SUP: 0
59 53 63 24 13 19 60 41 37 8 14 31 62 58 #SUP: 0
59 53 33 24 13 19 40 41 37 8 1 31 62 58 #SUP: 0
59 53 63 33 24 13 19 60 40 41 37 8 14 1 31 62 58 #SUP: 0
59 53 4 24 13 19 29 41 37 8 23 31 62 58 #SUP: 0
59 53 63 4 24 13 19 60 29 41 37 8 14 23 31 62 58 #SUP: 0
59 53 33 4 24 13 19 40 29 41 37 8 1 23 31 62 58 #SUP: 0
59 53 63 33 4 24 13 19 60 40 29 41 37 8 14 1 23 31 62 58 #SUP: 0
59 53 73 24 13 19 52 41 37 8 50 31 62 58 #SUP: 0
59 53 63 73 24 13 19 60 52 41 37 8 14 50 31 62 58 #SUP: 0
59 53 33 73 24 13 19 40 52 41 37 8 1 50 31 62 58 #SUP: 0
59 53 63 33 73 24 13 19 60 40 52 41 37 8 14 1 50 31 62 58 #SUP: 0
59 53 4 73 24 13 19 29 52 41 37 8 23 50 31 62 58 #SUP: 0
59 53 63 4 73 24 13 19 60 29 52 41 37 8 14 23 50 31 62 58 #SUP: 0
59 53 33 4 73 24 13 19 40 29 52 41 37 8 1 23 50 31 62 58 #SUP: 0
59 53 63 33 4 73 24 13 19 60 40 29 52 41 37 8 14 1 23 50 31 62 58 #SUP: 0
59 53 51 24 13 19 30 41 37 8 72 31 62 58 #SUP: 0
59 53 63 51 24 13 19 60 30 41 37 8 14 72 31 62 58 #SUP: 0
59 53 33 51 24 13 19 40 30 41 37 8 1 72 31 62 58 #SUP: 0
59 53 63 33 51 24 13 19 60 40 30 41 37 8 14 1 72 31 62 58 #SUP: 0
59 53 4 51 24 13 19 29 30 41 37 8 23 72 31 62 58 #SUP: 0
59 53 63 4 51 24 13 19 60 29 30 41 37 8 14 23 72 31 62 58 #SUP: 0
59 53 33 4 51 24 13 19 40 29 30 41 37 8 1 23 72 31 62 58 #SUP: 0
59 53 63 33 4 51 24 13 19 60 40 29 30 41 37 8 14 1 23 72 31 62 58 #SUP: 0
59 53 73 51 24 13 19 52 30 41 37 8 50 72 31 62 58 #SUP: 0
59 53 63 73 51 24 13 19 60 52 30 41 37 8 14 50 72 31 62 58 #SUP: 0
59 53 33 73 51 24 13 19 40 52 30 41 37 8 1 50 72 31 62 58 #SUP: 0
59 53 63 33 73 51 24 13 19 60 40 52 30 41 37 8 14 1 50 72 31 62 58 #SUP: 0
59 53 4 73 51 24 13 19 29 52 30 41 37 8 23 50 72 31 62 58 #SUP: 0
59 53 63 4 73 51 24 13 19 60 29 52 30 41 37 8 14 23 50 72 31 62 58 #SUP: 0
59 53 33 4 73 51 24 13 19 40 29 52 30 41 37 8 1 23 50 72 31 62 58 #SUP: 0
59 53 63 33 4 73 51 24 13 19 60 40 29 52 30 41 37 8 14 1 23 50 72 31 62 58 #SUP: 0
59 53 2 13 19 61 37 8 3 62 58 #SUP: 0
59 53 63 2 13 19 60 61 37 8 14 3 62 58 #SUP: 0
59 53 33 2 13 19 40 61 37 8 1 3 62 58 #SUP: 0
59 53 63 33 2 13 19 60 40 61 37 8 14 1 3 62 58 #SUP: 0
59 53 4 2 13 19 29 61 37 8 23 3 62 58 #SUP: 0
59 53 63 4 2 13 19 60 29 61 37 8 14 23 3 62 58 #SUP: 0
59 53 33 4 2 13 19 40 29 61 37 8 1 23 3 62 58 #SUP: 0
59 53 63 33 4 2 13 19 60 40 29 61 37 8 14 1 23 3 62 58 #SUP: 0
59 53 73 2 13 19 52 61 37 8 50 3 62 58 #SUP: 0
59 53 63 73 2 13 19 60 52 61 37 8 14 50 3 62 58 #SUP: 0
59 53 33 73 2 13 19 40 52 61 37 8 1 50 3 62 58 #SUP: 0
59 53 63 33 73 2 13 19 60 40 52 61 37 8 14 1 50 3 62 58 #SUP: 0
59 53 4 73 2 13 19 29 52 61 37 8 23 50 3 62 58 #SUP: 0
59 53 63 4 73 2 13 19 60 29 52 61 37 8 14 23 50 3 62 58 #SUP: 0
59 53 33 4 73 2 13 19 40 29 52 61 37 8 1 23 50 3 62 58 #SUP: 0
59 53 63 33 4 73 2 13 19 60 40 29 52 61 37 8 14 1 23 50 3 62 58 #SUP: 0
59 53 51 2 13 19 30 61 37 8 72 3 62 58 #SUP: 0
59 53 63 51 2 13 19 60 30 61 37 8 14 72 3 62 58 #SUP: 0
59 53 33 51 2 13 19 40 30 61 37 8 1 72 3 62 58 #SUP: 0
59 53 63 33 51 2 13 19 60 40 30 61 37 8 14 1 72 3 62 58 #SUP: 0
59 53 4 51 2 13 19 29 30 61 37 8 23 72 3 62 58 #SUP: 0
59 53 63 4 51 2 13 19 60 29 30 61 37 8 14 23 72 3 62 58 #SUP: 0
59 53 33 4 51 2 13 19 40 29 30 61 37 8 1 23 72 3 62 58 #SUP: 0
59 53 63 33 4 51 2 13 19 60 40 29 30 61 37 8 14 1 23 72 3 62 58 #SUP: 0
59 53 73 51 2 13 19 52 30 61 37 8 50 72 3 62 58 #SUP: 0
59 53 63 73 51 2 13 19 60 52 30 61 37 8 14 50 72 3 62 58 #SUP: 0
59 53 33 73 51 2 13 19 40 52 30 61 37 8 1 50 72 3 62 58 #SUP: 0
59 53 63 33 73 51 2 13 19 60 40 52 30 61 37 8 14 1 50 72 3 62 58 #SUP: 0
59 53 4 73 51 2 13 19 29 52 30 61 37 8 23 50 72 3 62 58 #SUP: 0
59 53 63 4 73 51 2 13 19 60 29 52 30 61 37 8 14 23 50 72 3 62 58 #SUP: 0
59 53 33 4 73 51 2 13 19 40 29 52 30 61 37 8 1 23 50 72 3 62 58 #SUP: 0
59 53 63 33 4 73 51 2 13 19 60 40 29 52 30 61 37 8 14 1 23 50 72 3 62 58 #SUP: 0
59 53 24 2 13 19 41 61 37 8 31 3 62 58 #SUP: 0
59 53 63 24 2 13 19 60 41 61 37 8 14 31 3 62 58 #SUP: 0
59 53 33 24 2 13 19 40 41 61 37 8 1 31 3 62 58 #SUP: 0
59 53 63 33 24 2 13 19 60 40 41 61 37 8 14 1 31 3 62 58 #SUP: 0
59 53 4 24 2 13 19 29 41 61 37 8 23 31 3 62 58 #SUP: 0
59 53 63 4 24 2 13 19 60 29 41 61 37 8 14 23 31 3 62 58 #SUP: 0
59 53 33 4 24 2 13 19 40 29 41 61 37 8 1 23 31 3 62 58 #SUP: 0
59 53 63 33 4 24 2 13 19 60 40 29 41 61 37 8 14 1 23 31 3 62 58 #SUP: 0
59 53 73 24 2 13 19 52 41 61 37 8 50 31 3 62 58 #SUP: 0
59 53 63 73 24 2 13 19 60 52 41 61 37 8 14 50 31 3 62 58 #SUP: 0
59 53 33 73 24 2 13 19 40 52 41 61 37 8 1 50 31 3 62 58 #SUP: 0
59 53 63 33 73 24 2 13 19 60 40 52 41 61 37 8 14 1 50 31 3 62 58 #SUP: 0
59 53 4 73 24 2 13 19 29 52 41 61 37 8 23 50 31 3 62 58 #SUP: 0
59 53 63 4 73 24 2 13 19 60 29 52 41 61 37 8 14 23 50 31 3 62 58 #SUP: 0
59 53 33 4 73 24 2 13 19 40 29 52 41 61 37 8 1 23 50 31 3 62 58 #SUP: 0
59 53 63 33 4 73 24 2 13 19 60 40 29 52 41 61 37 8 14 1 23 50 31 3 62 58 #SUP: 0
59 53 51 24 2 13 19 30 41 61 37 8 72 31 3 62 58 #SUP: 0
59 53 63 51 24 2 13 19 60 30 41 61 37 8 14 72 31 3 62 58 #SUP: 0
59 53 33 51 24 2 13 19 40 30 41 61 37 8 1 72 31 3 62 58 #SUP: 0
59 53 63 33 51 24 2 13 19 60 40 30 41 61 37 8 14 1 72 31 3 62 58 #SUP: 0
59 53 4 51 24 2 13 19 29 30 41 61 37 8 23 72 31 3 62 58 #SUP: 0
59 53 63 4 51 24 2 13 19 60 29 30 41 61 37 8 14 23 72 31 3 62 58 #SUP: 0
59 53 33 4 51 24 2 13 19 40 29 30 41 61 37 8 1 23 72 31 3 62 58 #SUP: 0
59 53 63 33 4 51 24 2 13 19 60 40 29 30 41 61 37 8 14 1 23 72 31 3 62 58 #SUP: 0
59 53 73 51 24 2 13 19 52 30 41 61 37 8 50 72 31 3 62 58 #SUP: 0
59 53 63 73 51 24 2 13 19 60 52 30 41 61 37 8 14 50 72 31 3 62 58 #SUP: 0
59 53 33 73 51 24 2 13 19 40 52 30 41 61 37 8 1 50 72 31 3 62 58 #SUP: 0
59 53 63 33 73 51 24 2 13 19 60 40 52 30 41 61 37 8 14 1 50 72 31 3 62 58 #SUP: 0
59 53 4 73 51 24 2 13 19 29 52 30 41 61 37 8 23 50 72 31 3 62 58 #SUP: 0
59 53 63 4 73 51 24 2 13 19 60 29 52 30 41 61 37 8 14 23 50 72 31 3 62 58 #SUP: 0
59 53 33 4 73 51 24 2 13 19 40 29 52 30 41 61 37 8 1 23 50 72 31 3 62 58 #SUP: 0
59 53 63 33 4 73 51 24 2 13 19 60 40 29 52 30 41 61 37 8 14 1 23 50 72 31 3 62 58 #SUP: 0
59 30 #SUP: 0
59 30 63 60 1 #SUP: 0
59 30 33 40 23 #SUP: 0
59 30 63 33 60 40 1 23 #SUP: 0
59 30 4 29 50 #SUP: 0
59 30 63 4 60 29 1 50 #SUP: 0
59 30 33 4 40 29 23 50 #SUP: 0
59 30 63 33 4 60 40 29 1 23 50 #SUP: 0
59 30 73 52 72 #SUP: 0
59 30 63 73 60 52 1 72 #SUP: 0
59 30 33 73 40 52 23 72 #SUP: 0
59 30 63 33 73 60 40 52 1 23 72 #SUP: 0
59 30 4 73 29 52 50 72 #SUP: 0
59 30 63 4 73 60 29 52 1 50 72 #SUP: 0
59 30 33 4 73 40 29 52 23 50 72 #SUP: 0
59 30 63 33 4 73 60 40 29 52 1 23 50 72 #SUP: 0
59 30 51 41 31 #SUP: 0
59 30 63 51 60 41 1 31 #SUP: 0
59 30 33 51 40 41 23 31 #SUP: 0
59 30 63 33 51 60 40 41 1 23 31 #SUP: 0
59 30 4 51 29 41 50 31 #SUP: 0
59 30 63 4 51 60 29 41 1 50 31 #SUP: 0
59 30 33 4 51 40 29 41 23 50 31 #SUP: 0
59 30 63 33 4 51 60 40 29 41 1 23 50 31 #SUP: 0
59 30 73 51 52 41 72 31 #SUP: 0
59 30 63 73 51 60 52 41 1 72 31 #SUP: 0
59 30 33 73 51 40 52 41 23 72 31 #SUP: 0
59 30 63 33 73 51 60 40 52 41 1 23 72 31 #SUP: 0
59 30 4 73 51 29 52 41 50 72 31 #SUP: 0
59 30 63 4 73 51 60 29 52 41 1 50 72 31 #SUP: 0
59 30 33 4 73 51 40 29 52 41 23 50 72 31 #SUP: 0
59 30 63 33 4 73 51 60 40 29 52 41 1 23 50 72 31 #SUP: 0
59 30 24 61 3 #SUP: 0
59 30 63 24 60 61 1 3 #SUP: 0
59 30 33 24 40 61 23 3 #SUP: 0
59 30 63 33 24 60 40 61 1 23 3 #SUP: 0
59 30 4 24 29 61 50 3 #SUP: 0
59 30 63 4 24 60 29 61 1 50 3 #SUP: 0
59 30 33 4 24 40 29 61 23 50 3 #SUP: 0
59 30 63 33 4 24 60 40 29 61 1 23 50 3 #SUP: 0
59 30 73 24 52 61 72 3 #SUP: 0
59 30 63 73 24 60 52 61 1 72 3 #SUP: 0
59 30 33 73 24 40 52 61 23 72 3 #SUP: 0
59 30 63 33 73 24 60 40 52 61 1 23 72 3 #SUP: 0
59 30 4 73 24 29 52 61 50 72 3 #SUP: 0
59 30 63 4 73 24 60 29 52 61 1 50 72 3 #SUP: 0
59 30 33 4 73 24 40 29 52 61 23 50 72 3 #SUP: 0
59 30 63 33 4 73 24 60 40 29 52 61 1 23 50 72 3 #SUP: 0
59 30 51 24 41 61 31 3 #SUP: 0
59 30 63 51 24 60 41 61 1 31 3 #SUP: 0
59 30 33 51 24 40 41 61 23 31 3 #SUP: 0
59 30 63 33 51 24 60 40 41 61 1 23 31 3 #SUP: 0
59 30 4 51 24 29 41 61 50 31 3 #SUP: 0
59 30 63 4 51 24 60 29 41 61 1 50 31 3 #SUP: 0
59 30 33 4 51 24 40 29 41 61 23 50 31 3 #SUP: 0
59 30 63 33 4 51 24 60 40 29 41 61 1 23 50 31 3 #SUP: 0
59 30 73 51 24 52 41 61 72 31 3 #SUP: 0
59 30 63 73 51 24 60 52 41 61 1 72 31 3 #SUP: 0
59 30 33 73 51 24 40 52 41 61 23 72 31 3 #SUP: 0
59 30 63 33 73 51 24 60 40 52 41 61 1 23 72 31 3 #SUP: 0
59 30 4 73 51 24 29 52 41 61 50 72 31 3 #SUP: 0
59 30 63 4 73 51 24 60 29 52 41 61 1 50 72 31 3 #SUP: 0
59 30 33 4 73 51 24 40 29 52 41 61 23 50 72 31 3 #SUP: 0
59 30 63 33 4 73 51 24 60 40 29 52 41 61 1 23 50 72 31 3 #SUP: 0
59 30 2 37 62 #SUP: 0
59 30 63 2 60 37 1 62 #SUP: 0
59 30 33 2 40 37 23 62 #SUP: 0
59 30 63 33 2 60 40 37 1 23 62 #SUP: 0
59 30 4 2 29 37 50 62 #SUP: 0
59 30 63 4 2 60 29 37 1 50 62 #SUP: 0
59 30 33 4 2 40 29 37 23 50 62 #SUP: 0
59 30 63 33 4 2 60 40 29 37 1 23 50 62 #SUP: 0
59 30 73 2 52 37 72 62 #SUP: 0
59 30 63 73 2 60 52 37 1 72 62 #SUP: 0
59 30 33 73 2 40 52 37 23 72 62 #SUP: 0
59 30 63 33 73 2 60 40 52 37 1 23 72 62 #SUP: 0
59 30 4 73 2 29 52 37 50 72 62 #SUP: 0
59 30 63 4 73 2 60 29 52 37 1 50 72 62 #SUP: 0
59 30 33 4 73 2 40 29 52 37 23 50 72 62 #SUP: 0
59 30 63 33 4 73 2 60 40 29 52 37 1 23 50 72 62 #SUP: 0
59 30 51 2 41 37 31 62 #SUP: 0
59 30 63 51 2 60 41 37 1 31 62 #SUP: 0
59 30 33 51 2 40 41 37 23 31 62 #SUP: 0
59 30 63 33 51 2 60 40 41 37 1 23 31 62 #SUP: 0
59 30 4 51 2 29 41 37 50 31 62 #SUP: 0
59 30 63 4 51 2 60 29 41 37 1 50 31 62 #SUP: 0
59 30 33 4 51 2 40 29 41 37 23 50 31 62 #SUP: 0
59 30 63 33 4 51 2 60 40 29 41 37 1 23 50 31 62 #SUP: 0
59 30 73 51 2 52 41 37 72 31 62 #SUP: 0
59 30 63 73 51 2 60 52 41 37 1 72 31 62 #SUP: 0
59 30 33 73 51 2 40 52 41 37 23 72 31 62 #SUP: 0
59 30 63 33 73 51 2 60 40 52 41 37 1 23 72 31 62 #SUP: 0
59 30 4 73 51 2 29 52 41 37 50 72 31 62 #SUP: 0
59 30 63 4 73 51 2 60 29 52 41 37 1 50 72 31 62 #SUP: 0
59 30 33 4 73 51 2 40 29 52 41 37 23 50 72 31 62 #SUP: 0
59 30 63 33 4 73 51 2 60 40 29 52 41 37 1 23 50 72 31 62 #SUP: 0
59 30 24 2 61 37 3 62 #SUP: 0
59 30 63 24 2 60 61 37 1 3 62 #SUP: 0
59 30 33 24 2 40 61 37 23 3 62 #SUP: 0
59 30 63 33 24 2 60 40 61 37 1 23 3 62 #SUP: 0
59 30 4 24 2 29 61 37 50 3 62 #SUP: 0
59 30 63 4 24 2 60 29 61 37 1 50 3 62 #SUP: 0
59 30 33 4 24 2 40 29 61 37 23 50 3 62 #SUP: 0
59 30 63 33 4 24 2 60 40 29 61 37 1 23 50 3 62 #SUP: 0
59 30 73 24 2 52 61 37 72 3 62 #SUP: 0
59 30 63 73 24 2 60 52 61 37 1 72 3 62 #SUP: 0
59 30 33 73 24 2 40 52 61 37 23 72 3 62 #SUP: 0
59 30 63 33 73 24 2 60 40 52 61 37 1 23 72 3 62 #SUP: 0
59 30 4 73 24 2 29 52 61 37 50 72 3 62 #SUP: 0
59 30 63 4 73 24 2 60 29 52 61 37 1 50 72 3 62 #SUP: 0
59 30 33 4 73 24 2 40 29 52 61 37 23 50 72 3 62 #SUP: 0
59 30 63 33 4 73 24 2 60 40 29 52 61 37 1 23 50 72 3 62 #SUP: 0
59 30 51 24 2 41 61 37 31 3 62 #SUP: 0
59 30 63 51 24 2 60 41 61 37 1 31 3 62 #SUP: 0
59 30 33 51 24 2 40 41 61 37 23 31 3 62 #SUP: 0
59 30 63 33 51 24 2 60 40 41 61 37 1 23 31 3 62 #SUP: 0
59 30 4 51 24 2 29 41 61 37 50 31 3 62 #SUP: 0
59 30 63 4 51 24 2 60 29 41 61 37 1 50 31 3 62 #SUP: 0
59 30 33 4 51 24 2 40 29 41 61 37 23 50 31 3 62 #SUP: 0
59 30 63 33 4 51 24 2 60 40 29 41 61 37 1 23 50 31 3 62 #SUP: 0
59 30 73 51 24 2 52 41 61 37 72 31 3 62 #SUP: 0
59 30 63 73 51 24 2 60 52 41 61 37 1 72 31 3 62 #SUP: 0
59 30 33 73 51 24 2 40 52 41 61 37 23 72 31 3 62 #SUP: 0
59 30 63 33 73 51 24 2 60 40 52 41 61 37 1 23 72 31 3 62 #SUP: 0
59 30 4 73 51 24 2 29 52 41 61 37 50 72 31 3 62 #SUP: 0
59 30 63 4 73 51 24 2 60 29 52 41 61 37 1 50 72 31 3 62 #SUP: 0
59 30 33 4 73 51 24 2 40 29 52 41 61 37 23 50 72 31 3 62 #SUP: 0
59 30 63 33 4 73 51 24 2 60 40 29 52 41 61 37 1 23 50 72 31 3 62 #SUP: 0
59 30 13 8 58 #SUP: 0
59 30 63 13 60 8 1 58 #SUP: 0
59 30 33 13 40 8 23 58 #SUP: 0
59 30 63 33 13 60 40 8 1 23 58 #SUP: 0
59 30 4 13 29 8 50 58 #SUP: 0
59 30 63 4 13 60 29 8 1 50 58 #SUP: 0
59 30 33 4 13 40 29 8 23 50 58 #SUP: 0
59 30 63 33 4 13 60 40 29 8 1 23 50 58 #SUP: 0
59 30 73 13 52 8 72 58 #SUP: 0
59 30 63 73 13 60 52 8 1 72 58 #SUP: 0
59 30 33 73 13 40 52 8 23 72 58 #SUP: 0
59 30 63 33 73 13 60 40 52 8 1 23 72 58 #SUP: 0
59 30 4 73 13 29 52 8 50 72 58 #SUP: 0
59 30 63 4 73 13 60 29 52 8 1 50 72 58 #SUP: 0
59 30 33 4 73 13 40 29 52 8 23 50 72 58 #SUP: 0
59 30 63 33 4 73 13 60 40 29 52 8 1 23 50 72 58 #SUP: 0
59 30 51 13 41 8 31 58 #SUP: 0
59 30 63 51 13 60 41 8 1 31 58 #SUP: 0
59 30 33 51 13 40 41 8 23 31 58 #SUP: 0
59 30 63 33 51 13 60 40 41 8 1 23 31 58 #SUP: 0
59 30 4 51 13 29 41 8 50 31 58 #SUP: 0
59 30 63 4 51 13 60 29 41 8 1 50 31 58 #SUP: 0
59 30 33 4 51 13 40 29 41 8 23 50 31 58 #SUP: 0
59 30 63 33 4 51 13 60 40 29 41 8 1 23 50 31 58 #SUP: 0
59 30 73 51 13 52 41 8 72 31 58 #SUP: 0
59 30 63 73 51 13 60 52 41 8 1 72 31 58 #SUP: 0
59 30 33 73 51 13 40 52 41 8 23 72 31 58 #SUP: 0
59 30 63 33 73 51 13 60 40 52 41 8 1 23 72 31 58 #SUP: 0
59 30 4 73 51 13 29 52 41 8 50 72 31 58 #SUP: 0
59 30 63 4 73 51 13 60 29 52 41 8 1 50 72 31 58 #SUP: 0
59 30 33 4 73 51 13 40 29 52 41 8 23 50 72 31 58 #SUP: 0
59 30 63 33 4 73 51 13 60 40 29 52 41 8 1 23 50 72 31 58 #SUP: 0
59 30 24 13 61 8 3 58 #SUP: 0
59 30 63 24 13 60 61 8 1 3 58 #SUP: 0
59 30 33 24 13 40 61 8 23 3 58 #SUP: 0
59 30 63 33 24 13 60 40 61 8 1 23 3 58 #SUP: 0
59 30 4 24 13 29 61 8 50 3 58 #SUP: 0
59 30 63 4 24 13 60 29 61 8 1 50 3 58 #SUP: 0
59 30 33 4 24 13 40 29 61 8 23 50 3 58 #SUP: 0
59 30 63 33 4 24 13 60 40 29 61 8 1 23 50 3 58 #SUP: 0
59 30 73 24 13 52 61 8 72 3 58 #SUP: 0
59 30 63 73 24 13 60 52 61 8 1 72 3 58 #SUP: 0
59 30 33 73 24 13 40 52 61 8 23 72 3 58 #SUP: 0
59 30 63 33 73 24 13 60 40 52 61 8 1 23 72 3 58 #SUP: 0
59 30 4 73 24 13 29 52 61 8 50 72 3 58 #SUP: 0
59 30 63 4 73 24 13 60 29 52 61 8 1 50 72 3 58 #SUP: 0
59 30 33 4 73 24 13 40 29 52 61 8 23 50 72 3 58 #SUP: 0
59 30 63 33 4 73 24 13 60 40 29 52 61 8 1 23 50 72 3 58 #SUP: 0
59 30 51 24 13 41 61 8 31 3 58 #SUP: 0
59 30 63 51 24 13 60 41 61 8 1 31 3 58 #SUP: 0
59 30 33 51 24 13 40 41 61 8 23 31 3 58 #SUP: 0
59 30 63 33 51 24 13 60 40 41 61 8 1 23 31 3 58 #SUP: 0
59 30 4 51 24 13 29 41 61 8 50 31 3 58 #SUP: 0
59 30 63 4 51 24 13 60 29 41 61 8 1 50 31 3 58 #SUP: 0
59 30 33 4 51 24 13 40 29 41 61 8 23 50 31 3 58 #SUP: 0
59 30 63 33 4 51 24 13 60 40 29 41 61 8 1 23 50 31 3 58 #SUP: 0
59 30 73 51 24 13 52 41 61 8 72 31 3 58 #SUP: 0
59 30 63 73 51 24 13 60 52 41 61 8 1 72 31 3 58 #SUP: 0
59 30 33 73 51 24 13 40 52 41 61 8 23 72 31 3 58 #SUP: 0
59 30 63 33 73 51 24 13 60 40 52 41 61 8 1 23 72 31 3 58 #SUP: 0
59 30 4 73 51 24 13 29 52 41 61 8 50 72 31 3 58 #SUP: 0
59 30 63 4 73 51 24 13 60 29 52 41 61 8 1 50 72 31 3 58 #SUP: 0
59 30 33 4 73 51 24 13 40 29 52 41 61 8 23 50 72 31 3 58 #SUP: 0
59 30 63 33 4 73 51 24 13 60 40 29 52 41 61 8 1 23 50 72 31 3 58 #SUP: 0
59 30 2 13 37 8 62 58 #SUP: 0
59 30 63 2 13 60 37 8 1 62 58 #SUP: 0
59 30 33 2 13 40 37 8 23 62 58 #SUP: 0
59 30 63 33 2 13 60 40 37 8 1 23 62 58 #SUP: 0
59 30 4 2 13 29 37 8 50 62 58 #SUP: 0
59 30 63 4 2 13 60 29 37 8 1 50 62 58 #SUP: 0
59 30 33 4 2 13 40 29 37 8 23 50 62 58 #SUP: 0
59 30 63 33 4 2 13 60 40 29 37 8 1 23 50 62 58 #SUP: 0
59 30 73 2 13 52 37 8 72 62 58 #SUP: 0
59 30 63 73 2 13 60 52 37 8 1 72 62 58 #SUP: 0
59 30 33 73 2 13 40 52 37 8 23 72 62 58 #SUP: 0
59 30 63 33 73 2 13 60 40 52 37 8 1 23 72 62 58 #SUP: 0
59 30 4 73 2 13 29 52 37 8 50 72 62 58 #SUP: 0
59 30 63 4 73 2 13 60 29 52 37 8 1 50 72 62 58 #SUP: 0
59 30 33 4 73 2 13 40 29 52 37 8 23 50 72 62 58 #SUP: 0
59 30 63 33 4 73 2 13 60 40 29 52 37 8 1 23 50 72 62 58 #SUP: 0
59 30 51 2 13 41 37 8 31 62 58 #SUP: 0
59 30 63 51 2 13 60 41 37 8 1 31 62 58 #SUP: 0
59 30 33 51 2 13 40 41 37 8 23 31 62 58 #SUP: 0
59 30 63 33 51 2 13 60 40 41 37 8 1 23 31 62 58 #SUP: 0
59 30 4 51 2 13 29 41 37 8 50 31 62 58 #SUP: 0
59 30 63 4 51 2 13 60 29 41 37 8 1 50 31 62 58 #SUP: 0
59 30 33 4 51 2 13 40 29 41 37 8 23 50 31 62 58 #SUP: 0
59 30 63 33 4 51 2 13 60 40 29 41 37 8 1 23 50 31 62 58 #SUP: 0
59 30 73 51 2 13 52 41 37 8 72 31 62 58 #SUP: 0
59 30 63 73 51 2 13 60 52 41 37 8 1 72 31 62 58 #SUP: 0
59 30 33 73 51 2 13 40 52 41 37 8 23 72 31 62 58 #SUP: 0
59 30 63 33 73 51 2 13 60 40 52 41 37 8 1 23 72 31 62 58 #SUP: 0
59 30 4 73 51 2 13 29 52 41 37 8 50 72 31 62 58 #SUP: 0
59 30 63 4 73 51 2 13 60 29 52 41 37 8 1 50 72 31 62 58 #SUP: 0
59 30 33 4 73 51 2 13 40 29 52 41 37 8 23 50 72 31 62 58 #SUP: 0
59 30 63 33 4 73 51 2 13 60 40 29 52 41 37 8 1 23 50 72 31 62 58 #SUP: 0
59 30 24 2 13 61 37 8 3 62 58 #SUP: 0
59 30 63 24 2 13 60 61 37 8 1 3 62 58 #SUP: 0
59 30 33 24 2 13 40 61 37 8 23 3 62 58 #SUP: 0
59 30 63 33 24 2 13 60 40 61 37 8 1 23 3 62 58 #SUP: 0
59 30 4 24 2 13 29 61 37 8 50 3 62 58 #SUP: 0
59 30 63 4 24 2 13 60 29 61 37 8 1 50 3 62 58 #SUP: 0
59 30 33 4 24 2 13 40 29 61 37 8 23 50 3 62 58 #SUP: 0
59 30 63 33 4 24 2 13 60 40 29 61 37 8 1 23 50 3 62 58 #SUP: 0
59 30 73 24 2 13 52 61 37 8 72 3 62 58 #SUP: 0
59 30 63 73 24 2 13 60 52 61 37 8 1 72 3 62 58 #SUP: 0
59 30 33 73 24 2 13 40 52 61 37 8 23 72 3 62 58 #SUP: 0
59 30 63 33 73 24 2 13 60 40 52 61 37 8 1 23 72 3 62 58 #SUP: 0
59 30 4 73 24 2 13 29 52 61 37 8 50 72 3 62 58 #SUP: 0
59 30 63 4 73 24 2 13 60 29 52 61 37 8 1 50 72 3 62 58 #SUP: 0
59 30 33 4 73 24 2 13 40 29 52 61 37 8 23 50 72 3 62 58 #SUP: 0
59 30 63 33 4 73 24 2 13 60 40 29 52 61 37 8 1 23 50 72 3 62 58 #SUP: 0
59 30 51 24 2 13 41 61 37 8 31 3 62 58 #SUP: 0
59 30 63 51 24 2 13 60 41 61 37 8 1 31 3 62 58 #SUP: 0
59 30 33 51 24 2 13 40 41 61 37 8 23 31 3 62 58 #SUP: 0
59 30 63 33 51 24 2 13 60 40 41 61 37 8 1 23 31 3 62 58 #SUP: 0
59 30 4 51 24 2 13 29 41 61 37 8 50 31 3 62 58 #SUP: 0
59 30 63 4 51 24 2 13 60 29 41 61 37 8 1 50 31 3 62 58 #SUP: 0
59 30 33 4 51 24 2 13 40 29 41 61 37 8 23 50 31 3 62 58 #SUP: 0
59 30 63 33 4 51 24 2 13 60 40 29 41 61 37 8 1 23 50 31 3 62 58 #SUP: 0
59 30 73 51 24 2 13 52 41 61 37 8 72 31 3 62 58 #SUP: 0
59 30 63 73 51 24 2 13 60 52 41 61 37 8 1 72 31 3 62 58 #SUP: 0
59 30 33 73 51 24 2 13 40 52 41 61 37 8 23 72 31 3 62 58 #SUP: 0
59 30 63 33 73 51 24 2 13 60 40 52 41 61 37 8 1 23 72 31 3 62 58 #SUP: 0
59 30 4 73 51 24 2 13 29 52 41 61 37 8 50 72 31 3 62 58 #SUP: 0
59 30 63 4 73 51 24 2 13 60 29 52 41 61 37 8 1 50 72 31 3 62 58 #SUP: 0
59 30 33 4 73 51 24 2 13 40 29 52 41 61 37 8 23 50 72 31 3 62 58 #SUP: 0
59 30 63 33 4 73 51 24 2 13 60 40 29 52 41 61 37 8 1 23 50 72 31 3 62 58 #SUP: 0
59 41 #SUP: 0
59 41 63 60 23 #SUP: 0
59 41 33 40 50 #SUP: 0
59 41 63 33 60 40 23 50 #SUP: 0
59 41 4 29 72 #SUP: 0
59 41 63 4 60 29 23 72 #SUP: 0
59 41 33 4 40 29 50 72 #SUP: 0
59 41 63 33 4 60 40 29 23 50 72 #SUP: 0
59 41 73 52 31 #SUP: 0
59 41 63 73 60 52 23 31 #SUP: 0
59 41 33 73 40 52 50 31 #SUP: 0
59 41 63 33 73 60 40 52 23 50 31 #SUP: 0
59 41 4 73 29 52 72 31 #SUP: 0
59 41 63 4 73 60 29 52 23 72 31 #SUP: 0
59 41 33 4 73 40 29 52 50 72 31 #SUP: 0
59 41 63 33 4 73 60 40 29 52 23 50 72 31 #SUP: 0
59 41 51 61 3 #SUP: 0
59 41 63 51 60 61 23 3 #SUP: 0
59 41 33 51 40 61 50 3 #SUP: 0
59 41 63 33 51 60 40 61 23 50 3 #SUP: 0
59 41 4 51 29 61 72 3 #SUP: 0
59 41 63 4 51 60 29 61 23 72 3 #SUP: 0
59 41 33 4 51 40 29 61 50 72 3 #SUP: 0
59 41 63 33 4 51 60 40 29 61 23 50 72 3 #SUP: 0
59 41 73 51 52 61 31 3 #SUP: 0
59 41 63 73 51 60 52 61 23 31 3 #SUP: 0
59 41 33 73 51 40 52 61 50 31 3 #SUP: 0
59 41 63 33 73 51 60 40 52 61 23 50 31 3 #SUP: 0
59 41 4 73 51 29 52 61 72 31 3 #SUP: 0
59 41 63 4 73 51 60 29 52 61 23 72 31 3 #SUP: 0
59 41 33 4 73 51 40 29 52 61 50 72 31 3 #SUP: 0
59 41 63 33 4 73 51 60 40 29 52 61 23 50 72 31 3 #SUP: 0
59 41 24 37 62 #SUP: 0
59 41 63 24 60 37 23 62 #SUP: 0
59 41 33 24 40 37 50 62 #SUP: 0
59 41 63 33 24 60 40 37 23 50 62 #SUP: 0
59 41 4 24 29 37 72 62 #SUP: 0
59 41 63 4 24 60 29 37 23 72 62 #SUP: 0
59 41 33 4 24 40 29 37 50 72 62 #SUP: 0
59 41 63 33 4 24 60 40 29 37 23 50 72 62 #SUP: 0
59 41 73 24 52 37 31 62 #SUP: 0
59 41 63 73 24 60 52 37 23 31 62 #SUP: 0
59 41 33 73 24 40 52 37 50 31 62 #SUP: 0
59 41 63 33 73 24 60 40 52 37 23 50 31 62 #SUP: 0
59 41 4 73 24 29 52 37 72 31 62 #SUP: 0
59 41 63 4 73 24 60 29 52 37 23 72 31 62 #SUP: 0
59 41 33 4 73 24 40 29 52 37 50 72 31 62 #SUP: 0
59 41 63 33 4 73 24 60 40 29 52 37 23 50 72 31 62 #SUP: 0
59 41 51 24 61 37 3 62 #SUP: 0
5